3381582515
3393921671
3408661359
3409323734
3409351765
3411856734
3411884890
3411962296
3412069671
3412367921
3412584390
3412917015
3417457952
3419569140
3421710577
3421905046
3424641109
3424926265
3425093890
3428626296
3428917327
3429093702
3429394734
3429592984
3429715421
3430213765
3432370984
3437759077
3440864546
3444465640
3444741515
3444861327
3444880671
3445095202
3445811171
3448783109
3449049984
3450057640
3451549546
3453616609
3456024234
3464580952
3464927327
3467103609
3468045952
3469728952
3472001015
3472127640
3472146515
3473373671
3473547327
3474555859
3475601265
3475951827
3476038296
3481384327
3482961296
3484342952
3484663765
3484894171
3487173046
3495536015
3495659234
3499374796
3502040734
3504756609
3504766234
3505377421
3507148171
3511895202
3521367765
3521480702
3524401171
3527649827
3527864609
3536112984
3538725796
3539213859
3539478609
3547522671
3548151734
3548230952
3548410484
3549178046
3549301702
3549559296
3550082515
3550683921
3551141484
3551305609
3552232421
3557779796
3562603921
3562756640
3562969921
3562984515
3565251265
3567122421
3568403077
3568424296
3568801859
3569012452
3569198265
3572105921
3572510984
3573075202
3573508140
3574138609
3574449859
3580734421
3581739077
3582161640
3582457015
3582604702
3582750390
3582767640
3582906640
3583165515
3583325952
3583519234
3583603827
3583623327
3583726921
3583790484
3583920484
3584027296
3584076921
3584250265
3584502796
3584745327
3585296827
3585406484
3586784859
3586908077
3586941890
3587076577
3587236702
3587387265
3587742827
3587946952
3588087827
3588223765
3588432327
3589176515
3589357890
3589686609
3590092140
3590257952
3590604421
3590727484
3590791046
3590852609
3590993077
3591211827
3591437702
3591515327
3591571984
3591638077
3591726265
3591786515
3591928202
3591997796
3592209609
3592341640
3592382296
3592437921
3592528671
3592649265
3592705952
3592921734
3593199421
3593424577
3593456609
3593599984
3593717921
3593808921
3593925765
3594055984
3594225327
3594517015
3594574765
3594827609
3594951890
3595088484
3595263046
3595360421
3595503640
3595666827
3595729765
3595961827
3596137609
3596293827
3596409609
3596858609
3597001671
3597070796
3597143546
3597286046
3597520577
3597876827
3598021952
3598194265
3598340046
3598446827
3598753734
3598915546
3599198265
3599389702
3599708421
3599931734
3600057202
3600231452
3600378202
3600473734
3600713515
3600817452
3600909452
3601144671
3601429390
3601512046
3601848171
3601999015
3602311484
3602463359
3602707046
3603015921
3603261015
3603786890
3603973640
3604150140
3604609890
3605056484
3605131421
3605593140
3605739921
3605837421
3605939046
3606070359
3606454015
3606695109
3606752015
3606829702
3607011609
3607149640
3607243265
3607345234
3607567171
3607724827
3607823827
3607871452
3608024671
3608103452
3608215827
3608398109
3609189421
3611231202
3611306109
3611412890
3611525234
3611573796
3611633890
3611698734
3611796109
3611861265
3611931140
3612035702
3612172765
3612271109
3612365640
3612521390
3612592359
3612690421
3612805827
3613003140
3613100359
3613323890
3613613046
3613761296
3613940265
3613972577
3614065702
3614231327
3614423484
3614863984
3617168296
3617442202
3620187734
3620905452
3621134390
3621384327
3625575265
3626901640
3626975202
3627285890
3627414859
3631363109
3633031265
3638100546
3638434046
3639660859
3643671234
3654778515
3655558984
3655840765
3658696921
3659013952
3664615702
3670908015
3671208702
3671867890
3672091265
3679409046
3680998296
3685871827
3686148265
3695906671
3696250796
3696618952
3701746890
3702439140
3702629515
3702758140
3702994140
3703505859
3703851359
3704902202
3705137452
3705746796
3710021515
3713786577
3714238109
3727490484
3728039890
3731228640
3731361546
3731665952
3732849952
3733041234
3733235921
3734274640
3734581015
3735017265
3735179202
3735494234
3740637952
3768166984
3772204671
3789207890
3793126640
3793158546
3793316015
3793416546
3793819890
3794052077
3794553859
3798389921
3798418421
3798494609
3798592577
3798747171
3798792952
3798835671
3798978202
3799039484
3799128921
3799193421
3799276046
3799387296
3799443577
3799777765
3799908109
3800010484
3800150796
3800178109
3800326296
3800406077
3800507077
3800897640
3801051359
3801146046
3801336515
3801505202
3801629015
3801805546
3801890140
3802208296
3802485015
3802624859
3802754609
3803054515
3803168734
3803273702
3803340609
3803492827
3803577702
3803640609
3803726171
3803815452
3804009140
3804211484
3805062077
3805397046
3805677390
3806169640
3806871452
3808018046
3808618921
3809469609
3811541390
3812120734
3813525765
3814582390
3814977952
3816193765
3816283890
3816390202
3816508140
3816565265
3816622234
3816655546
3816739890
3816842077
3817018046
3817161827
3817254671
3817355296
3817454484
3817597109
3817752046
3817902921
3818122827
3818282140
3818353077
3818623546
3819173140
3819593202
3819683984
3819811484
3819945921
3820403952
3820511577
3820997671
3821406359
3823305890
3823860296
3828931109
3830241327
3830260421
3830770609
3831207171
3834983796
3835110702
3835958890
3838968202
3839116359
3839921796
3840401859
3840744515
3844982390
3845593109
3846687046
3847067796
3849753171
3852053109
3853113796
3853218890
3853839077
3855628234
3855638296
3856497921
3860083202
3860103890
3860543796
3860565265
3865194234
3866399765
3868045077
3868461546
3869428859
3873320202
3873359202
3873960984
3874665296
3875228234
3876835077
3878086327
3884544327
3904052952
3910096952
3911000359
3911309671
3911987171
3912312890
3912725765
3919538421
3929236046
3933907640
3944767577
4017977202
4019422890
4019434577
4019868015
4020223546
4020731577
4021723984
4022127827
4022350577
4022938984
4024484952
4025324452
4025718484
4026267546
4026551859
4026733327
4027147390
4027342859
4027550515
4028043671
4030321890
4033780109
4039347702
4039600202
4049636577
4050416640
4050849171
4055431421
4055830359
4056367640
4056456327
4056799390
4060310765
4060525171
4060580952
4060626796
4060641765
4060836202
4060988765
4061530890
4065369640
4070328890
4072042921
4073452015
4079842890
4080313546
4080701046
4085661359
4085881515
4092765859
4093046859
4093436702
4097223546
4097418734
4097622859
4099175015
4123839859
4124161202
4131505077
4131518327
4132118577
4132413640
4133328640
4134392046
4142731890
4152835921
4152865890
4153003702
4153048421
4171471265
4172432171
4172820015
4173025640
4184614859
4188204702
4188218702
4189187827
4189273640
4189287734
4189692859
4190701265
4191097859
4191802827
4194625327
4194644359
4195189421
4195205734
4196015015
4198702609
4204067390
4204166327
4204377046
4204683202
4205306296
4206872046
4207597421
4212142390
4212291327
4212518484
4213160202
4238320077
4238824765
4246379327
4264799234
4264806015
4267653515
4268498265
4268741452
4268830140
4268972827
4268984734
4269003765
4269128359
4270521109
4271069421
4271183921
4271812140
4275603171
4275926421
4275943952
4276072140
4276487265
4277077671
4277745265
4278904577
4284120202
4284492734
4284505734
4287599734
4288062890
4294900796
4297126046
4304380077
4305549390
4305630015
4308904421
4308940296
4314122359
4315098202
4315107765
4315390921
4315400577
4318172890
4318483671
4321513859
4323991796
4324207390
4328289702
4328297890
4333301421
4333310671
4336064421
4337489671
4340652734
4342671202
4343317296
4343329265
4343367546
4344085265
4344269640
4344660140
4347337796
4347348077
4347739952
4348579452
4348691265
4348904015
4349545015
4351531640
4351543046
4352538327
4352680515
4352958796
4356417296
4356431577
4357937577
4357955421
4364191734
4365083421
4371637140
4375862796
4380817921
4381646296
4382816609
4382837546
4383304046
4383342984
4383376109
4383397702
4383433921
4383453515
4383517046
4383921546
4384062390
4384084702
4384107952
4384130827
4384199515
4384412640
4385170077
4385203140
4385833390
4386234734
4386358234
4386476640
4386497109
4387970952
4392262046
4392276952
4392476671
4392494671
4392741984
4392842734
4392853671
4393042546
4395613109
4395783577
4396131671
4401885077
4401897890
4405273515
4405293890
4406869671
4509638234
4512426265
4512833671
4515205546
4515245734
4515530921
4517590734
4518630265
4518834859
4518900390
4518901577
4521944327
4523255984
4523499296
4523614109
4523756859
4535310046
4552595827
4552842734
4553036577
4553155296
4553238921
4553383890
4553838546
4555214015
4562313171
4562492921
4562591109
4564451702
4564807359
4571401359
4575481734
4579842046
4594324640
4594505609
4594755890
4605415202
4607154296
4607173234
4607274609
4613336952
4624757421
4625164077
4625262734
4625329484
4625338577
4625413890
4625617421
4625711640
4625830234
4625968171
4626021359
4626158484
4626239734
4626332515
4626676734
4626797827
4627006609
4627095796
4627308171
4627427265
4637807734
4645348765
4645467390
4646074952
4646085390
4648880421
4663467734
4663670890
4668597015
4668679484
4668769796
4668832109
4669009796
4669174140
4669527952
4670319577
4675124390
4676883421
4676962265
4677014171
4677124234
4680447796
4680624984
4680674921
4681262984
4682830984
4684165015
4685186077
4685597359
4685835265
4686368234
4686916140
4687890265
4688649921
4689703171
4709276734
4709303890
4725825827
4726017734
4727638890
4727903952
4728410327
4743060890
4761225859
4761505640
4761838546
4761949702
4775340452
4776358609
4776562890
4776688390
4777025859
4781190734
4784915921
4786538484
4791242921
4793905796
4793916015
4794012452
4794049171
4794258452
4794494640
4794702452
4795239202
4804343390
4804563171
4807670984
4807949171
4808093890
4808122734
4808207796
4808234921
4808330484
4808478452
4808547640
4808592171
4809247265
4809561077
4812999234
4813835359
4814340765
4824044827
4824118890
4824898734
4828187984
4830206609
4830612296
4837775921
4837904859
4838378202
4838469015
4839251890
4851507859
4852528265
4858883202
4859007109
4859118421
4865827859
4869347359
4869770890
4870256515
4870482390
4873719952
4876087609
4877782702
4879174515
4885219827
4893351671
4902619734
4902657109
4902682921
4902707640
4902740484
4902761827
4902787171
4902809765
4902840702
4902856327
4902869827
4902892671
4903004765
4903220952
4903275077
4903384109
4903499359
4903603015
4903663640
4903732890
4903852265
4903972609
4904079015
4904201390
4904700515
4904768296
4905590827
4906095921
4906301421
4906446390
4906704859
4906974952
4907056671
4907772546
4908740452
4908949296
4909141140
4909294890
4909509921
4909626171
4909769077
4910987265
4911219890
4911308171
4912202421
4912938234
4913422327
4914830234
4914879546
4915532984
4924867640
4930419796
4932125015
4946154921
4946606765
4947093577
4947242515
4947384984
4947539296
4947608609
4947640046
4947760859
4947992921
4948081046
4948168234
4948184015
4948248546
4948474484
4948545796
4948566609
4948614609
4948778640
4948942390
4949492390
4951006484
4952138046
4952526515
4953789921
4963345296
4963699202
4964037952
4964406359
4964909296
4965279421
4965800015
4965890890
4965984546
4966069609
4966267609
4966548234
4966615827
4966750171
4966817952
4967058765
4967434546
4967595765
4967691577
4968045890
4968231796
4968437234
4968714921
4968875890
4969236265
4969437421
4969767202
4970019952
4970283827
4970827046
4971110859
4973795671
4973887890
4973916046
4974087577
4974343765
4974558921
4974687734
4974816640
4974951327
4975077046
4975595109
4977014984
4977233296
4978375577
4978963265
4979724265
4980085921
4982159609
4989944077
4995336452
4995601015
4995742671
4996100202
5009647296
5010487296
5018736702
5026871952
5079519452
5079561952
5079606952
5079648234
5079808265
5079985202
5080149140
5080281390
5080506859
5080625359
5080808171
5081023671
5081210484
5081379921
5081530015
5081593359
5081624046
5082681265
5082795734
5088066234
5089316202
5094715671
5094904609
5098920171
5115405796
5115496452
5124237765
5124342390
5124357015
5124554952
5126855702
5127372890
5127517109
5127700952
5128028515
5129358234
5129554359
5129832296
5135346140
5139797077
5146715890
5147193171
5147941171
5156723796
5164655796
5164795796
5164853015
5165080015
5165448015
5166768577
5168562484
5168682796
5168839234
5169129421
5173537734
5173702890
5193927390
5195595015
5195839484
5197162077
5197407890
5197608546
5197962296
5198049827
5198217015
5198547640
5198763827
5199132171
5199428140
5199653984
5200083984
5200229046
5209538077
5209882765
5210672015
5210753984
5211191296
5213749234
5216777734
5217179702
5227982296
5243122296
5246752890
5248669827
5248812984
5256808827
5257329265
5257554984
5265272327
5266716265
5270127952
5274742234
5275019609
5275165827
5275587546
5276647202
5279691827
5283057796
5289460734
5322245546
5322518296
5322621796
5322714984
5325266859
5325372765
5325518234
5325772765
5325847171
5326026265
5326114546
5326794952
5327008921
5331953327
5335244890
5336910015
5337159140
5337313984
5347551671
5353331202
5363596984
5363836515
5368447734
5369543421
5370139921
5371172046
5371613171
5371743265
5378740109
5379067265
5379606890
5394463046
5394768952
5397179109
5413549609
5413561609
5413570609
5413613265
5413640421
5414132827
5414349734
5414503546
5414576734
5414775515
5414831296
5414908140
5415039984
5415230734
5415255859
5415349577
5415415202
5415445796
5415468296
5415555202
5415661827
5415688015
5415736952
5415768890
5415972859
5416539984
5416700140
5416777952
5417214202
5417431609
5417465046
5417664140
5417777921
5417930109
5418056952
5418603359
5418710109
5419864671
5420019702
5420128171
5420210890
5420861952
5421512952
5422483140
5422627734
5422813609
5423050671
5424558609
5426220046
5426263765
5431389171
5432346327
5433237859
5433376015
5433491234
5433634952
5433746640
5433911234
5434056015
5434243171
5434442859
5434545265
5434672015
5434958265
5435149765
5435342546
5435560046
5435706046
5435965921
5436316077
5436457421
5441671984
5441749577
5442057077
5442165046
5442318390
5442559390
5442986515
5443259515
5445382702
5452726702
5467071390
5468463827
5474489890
5474663390
5474807077
5475219234
5475348484
5475798327
5478318202
5479819796
5479983171
5506391827
5510367077
5514028109
5514557265
5514627796
5514771390
5515186890
5516133140
5517184109
5517428765
5517492296
5517697109
5517944296
5517955702
5518042046
5518219859
5518244109
5518337359
5518641859
5518854609
5518942140
5519029140
5519169859
5519311952
5519525234
5519624984
5519662734
5519749077
5519847046
5519991452
5520310421
5520487640
5520519109
5520649827
5520778640
5520937234
5521506140
5521682577
5521896765
5522093640
5522860734
5523323796
5523726390
5523881109
5523993546
5524105171
5524387671
5524492296
5524753609
5524958796
5525389827
5534798765
5538174390
5538390265
5539033671
5539283640
5545075077
5545247046
5545484421
5548244859
5548968859
5549215702
5549336609
5549752202
5556864202
5557126952
5560774452
5561250484
5561386421
5561643515
5561803327
5562313140
5562728359
5563035702
5575586452
5577731109
5580097234
5580115452
5585192921
5587394109
5590348546
5590379515
5600267327
5612541234
5626789859
5626802359
5626866546
5626876890
5626973046
5627139265
5627262390
5627421577
5627544202
5627727140
5628140265
5628227984
5628399359
5628504234
5628681765
5629063265
5629917577
5630023327
5630104202
5636895702
5637193015
5637573421
5644045015
5644241421
5652119484
5656799452
5667560796
5668272390
5671238452
5672978515
5673160452
5673879265
5675054202
5684502359
5685254015
5685262921
5685714765
5686201171
5686331859
5686838796
5691505640
5694738640
5695858077
5696326296
5696572390
5696724359
5696788109
5697216484
5698005171
5698388921
5698578359
5698674202
5699412859
5699556234
5700853577
5707255109
5707571140
5707728921
5707857734
5712771265
5713330640
5713348546
5713364109
5713409796
5713627702
5713964671
5714044171
5714192827
5714332609
5714708921
5714830234
5714983359
5715048015
5715205796
5715288952
5715361077
5715424327
5715517296
5715692734
5715774890
5715920859
5716042577
5716243421
5716283952
5716385984
5716508077
5716629390
5716722327
5717108046
5717245390
5717316546
5717392390
5717428515
5717600921
5717683609
5717880484
5717897640
5717997859
5718075452
5718162890
5718301890
5718342327
5718390952
5718523765
5718658702
5718753109
5718811327
5718846359
5718987140
5719025265
5719131765
5719445734
5719554640
5719615265
5719741171
5719922515
5720120296
5720189577
5720523609
5720720984
5720829202
5720940359
5721014609
5721145702
5721313109
5721527890
5721609952
5721765046
5721901265
5722118609
5722264359
5722357859
5722472702
5723470390
5723673702
5723813577
5724316421
5724659515
5724893546
5725337077
5725470734
5726054452
5726295546
5726442952
5727180734
5727409890
5727546109
5727593234
5727693171
5727951077
5727970734
5728130327
5728189265
5728244327
5728319734
5728355546
5728420015
5728460765
5728579046
5728888109
5728969421
5729064796
5729134671
5729209984
5729270515
5729424859
5729645484
5729847796
5729889265
5729921577
5729987702
5730019390
5730089171
5730268984
5730317390
5730351452
5730479202
5730532046
5730592234
5730610609
5730671390
5730731984
5730823234
5730850734
5731021265
5731231234
5731480702
5732210702
5732333796
5732432859
5732585671
5732797359
5732847234
5732983546
5733062296
5733709296
5733979046
5734742546
5734825609
5736080577
5736989140
5737072765
5737273171
5737457077
5738435296
5738602827
5738717265
5738825734
5739112109
5739436577
5739601390
5739941359
5740010577
5740300859
5740843546
5741291140
5741509609
5741710046
5741922859
5742607202
5742932859
5743081546
5743584421
5743643109
5743732015
5744129421
5744787421
5745112702
5745236015
5746004484
5746177421
5746818952
5747300859
5747384484
5747511265
5749278859
5749325577
5749389609
5749478327
5749569202
5749680484
5749766484
5749867515
5750176359
5750211546
5750269421
5750350796
5750567234
5750675359
5750820515
5751011577
5751123577
5751422796
5751730702
5752010046
5754205077
5756466921
5759023421
5759649890
5763989171
5767185359
5767357046
5767466140
5768978890
5770067171
5770244952
5770398421
5771289671
5775104140
5778023984
5782981421
5787549140
5787664671
5787858077
5788754359
5805840827
5808965265
5809235546
5809537421
5810432140
5813511734
5813628452
5813778609
5813906421
5814181421
5815342296
5816003640
5816463171
5816627015
5816695484
5816944452
5817029421
5817193296
5817301702
5817423171
5818134952
5818281202
5818426109
5818591577
5818781515
5818964421
5819725265
5819998484
5820399827
5820511484
5820629390
5820697671
5820955577
5821107077
5821131296
5821528827
5821645734
5821735390
5822062921
5822193796
5822344077
5822398515
5822489640
5822662046
5822884515
5822990796
5823063734
5823564827
5823778515
5823908827
5824049765
5824208952
5824429952
5824608765
5825023421
5825135890
5825317952
5825501046
5825692452
5825982327
5826188734
5826244359
5826594765
5826840640
5826926484
5827103390
5827274015
5827508109
5828025827
5828442327
5828698327
5829195484
5829443827
5829589109
5829800827
5829886921
5830200109
5830344827
5830462015
5830629765
5830732265
5830767046
5830892515
5831159265
5831304046
5831571390
5832261327
5832824421
5833621640
5834405827
5834708265
5834931140
5835060296
5835339109
5835509421
5835649952
5835770046
5835943640
5836112327
5836538671
5837321859
5837837796
5838195359
5838285890
5838475921
5838669171
5838775640
5838982265
5839201421
5839347796
5839470327
5839630921
5839810546
5840028765
5840205296
5840641640
5840803452
5840933921
5840967921
5841357077
5841701015
5842252421
5842599546
5842865765
5843166140
5844706265
5844937515
5845112452
5845553421
5846503984
5846706952
5846954327
5847119452
5847316765
5847959327
5848136327
5848520359
5849003171
5849252796
5849404202
5851415671
5851506171
5851678827
5851783609
5851936421
5851955546
5852004921
5852035734
5852072046
5852101077
5852128359
5852149202
5852169671
5852198515
5852248734
5852404890
5852457609
5852486734
5852622546
5852655546
5852727421
5852814046
5852887734
5852914640
5852986984
5853013140
5853060484
5853152890
5853266202
5853316890
5853377421
5853401484
5853461452
5853492702
5853514609
5853554046
5853812327
5853954484
5854050827
5854105640
5854177421
5854201046
5854280234
5854428734
5854495734
5854554765
5854599952
5854727734
5854837452
5854908577
5854978640
5855036796
5855060577
5855104984
5855142265
5855239984
5855270609
5855368671
5855405515
5855494390
5855537077
5855617484
5855656734
5855699609
5855765515
5855817640
5855973390
5856046452
5856101140
5856243609
5856314827
5856419046
5856532952
5856657734
5856776140
5856813421
5856899796
5856988702
5857132109
5857231359
5857290546
5857327359
5857408359
5857449984
5857504890
5857577171
5857634140
5857692609
5857739359
5857771171
5857817171
5857893484
5857970640
5858004202
5858029859
5858074702
5858304421
5858502421
5858706046
5858916484
5859058515
5859151515
5859329702
5859401921
5859614234
5859677859
5859743546
5859820109
5859930515
5860021046
5860087577
5860152796
5861057702
5861225077
5863250765
5863571327
5863588452
5863664109
5863845484
5863937265
5864037015
5864131827
5864444265
5864568234
5864668702
5864888327
5864981421
5865161327
5865281640
5865331390
5865356546
5865757921
5865929140
5866141859
5866489859
5866684015
5866824609
5866984671
5867114671
5867218452
5867354109
5867478140
5867704452
5868707359
5869523734
5869785577
5869947796
5870191921
5871476671
5871783827
5871918296
5872640171
5872921077
5873388765
5873662640
5874662859
5875418484
5876260109
5876386827
5876437327
5876512859
5876586452
5876693734
5876836171
5876938890
5877111890
5877314484
5877518921
5877683452
5877867046
5878106296
5878307171
5878508546
5879027296
5879348452
5879543577
5879656671
5879816984
5880585827
5880663984
5880940390
5881008921
5881194515
5881592265
5881762702
5882201359
5882340484
5882968327
5883138077
5883633515
5884330327
5884397296
5884517890
5884556202
5884713921
5884828890
5885207109
5885414827
5885621015
5885668859
5885762140
5885936390
5886127702
5886256859
5886466952
5886576515
5886760796
5886838765
5887129202
5887234890
5887323421
5887413359
5887620046
5888145015
5888196109
5888261077
5888352484
5888666577
5888774890
5888965890
5894000702
5910664546
5915386765
5916895765
5917162359
5917553015
5917599452
5928096390
5928603890
5929177702
5929644202
5930523390
5930692109
5931489359
5933054921
5943152109
5947827046
5947909296
5948094390
5948342109
5948617827
5948923890
5949465640
5949505827
5949731140
5950088421
5950495984
5950571609
5950775484
5951656296
5951799327
5951990859
5952379984
5953561577
5954031515
5954207265
5954333359
5954987515
5957274046
5957517734
5957657484
5957766515
5957885421
5958140702
5958252952
5958331577
5958450484
5958653890
5958751390
5958985296
5959167202
5959381827
5959451296
5959546171
5959740234
5959984171
5961325827
5961352515
5961703859
5963037421
5963302921
5963519796
5963729609
5969099827
5985945734
5993868609
5993997577
5994485077
5997165640
5998144015
6004911921
6005196984
6008252702
6008360671
6051534234
6052085984
6052641234
6052903359
6052926171
6053263859
6053600984
6054067859
6054712921
6055169859
6055604890
6057145140
6057239609
6057391890
6057515765
6057688952
6058096952
6058299546
6058441452
6058740921
6058940452
6059173640
6085289484
6097307390
6102387109
6102497046
6102582765
6102662515
6102791171
6102852640
6102981046
6103042796
6103079234
6103131952
6103166984
6103302390
6103362702
6103446859
6103508015
6103586859
6103656577
6103865390
6103911171
6104249921
6104575702
6104810609
6105028077
6105168077
6105350734
6106031609
6106883046
6107050671
6107184109
6107289515
6107405265
6107568421
6107706140
6107794984
6108275859
6108461515
6111054296
6111261952
6111632390
6111803296
6112023859
6112274171
6112573702
6112823734
6112974890
6113094921
6113200171
6113320515
6113455171
6113537671
6113692421
6113761077
6113836140
6114041546
6114165390
6114368296
6114523015
6114592765
6114918296
6115756421
6115941671
6116354421
6116685077
6117232515
6117354827
6117474109
6117572609
6118389452
6118496952
6118609109
6118762827
6118791452
6118877609
6119290452
6122992921
6123146421
6123380702
6123582577
6123760577
6124049671
6152605984
6161382734
6161656390
6161865671
6162077640
6162133452
6162222015
6162397234
6162862359
6162964046
6163085140
6163144265
6163389921
6163573921
6163679734
6163835327
6164106515
6165665765
6166674921
6169296296
6170057671
6177850984
6177955484
6178015140
6178113546
6179698952
6179848296
6180007421
6180200859
6180388327
6193198702
6193471827
6194748984
6195713796
6196035359
6197118546
6197834109
6198359202
6198475546
6201216515
6201381202
6203956077
6204613546
6204791671
6207294515
6270725109
6296336421
6304273671
6304305046
6304424827
6304518359
6304746452
6304897609
6318618484
6344213952
6360966077
6371246015
6422443921
6422467952
6422611359
6422719577
6423015546
6423449640
6424012796
6424304452
6424616234
6424785577
6425194484
6425779952
6434240796
6436937452
6437496234
6450954140
6452038077
6453731577
6467441577
6468658671
6499874202
6504908515
6538471484
6542366921
6545658234
6545805296
6546062827
6546340921
6553968140
6553994452
6554013327
6554207671
6554216546
6554495296
6557418515
6558625890
6558878890
6559064640
6559514952
6559667421
6559808046
6560513077
6560620421
6560842609
6561030984
6561210046
6561343046
6561526890
6561640390
6561735015
6562213921
6562936827
6563792077
6563913952
6564117234
6564229859
6564371109
6564405077
6564470859
6564551265
6564652202
6564727827
6564763890
6564831015
6564907452
6565016577
6565288609
6565519046
6565630452
6565754077
6566005702
6566188671
6566878109
6567006952
6569049796
6569212890
6569303077
6569384484
6569487546
6569565671
6569648015
6569743515
6569771296
6569830859
6569894546
6570005015
6570054202
6570285359
6571094984
6572024702
6572183671
6572720202
6572831234
6573042421
6573091484
6573648609
6575721827
6576031015
6576282046
6576473046
6605240140
6605248765
6608151515
6608639890
6608789359
6608813265
6610438484
6623131577
6624757265
6624951890
6625170734
6651573015
6655772265
6656032796
6656142984
6656172702
6656301327
6656369702
6656573046
6662715952
6663647577
6669372952
6669512234
6675796171
6676141046
6676338671
6679359671
6679738796
6679913359
6685980265
6686460546
6690960421
6693180327
6696367515
6707409265
6707566515
6707798546
6707848734
6708014921
6708327452
6708505577
6739593702
6739746015
6739957390
6741281859
6741377609
6741546421
6741887265
6742335265
6742387452
6744298265
6744588296
6744685796
6744970859
6745124234
6745206327
6746757952
6746913234
6747017984
6747799140
6747878671
6752355671
6752375171
6752416452
6752458734
6752474577
6752592796
6752679484
6752767859
6752817765
6752879859
6752931202
6752970202
6753005234
6753032702
6753045984
6753077890
6753106859
6753123796
6753197421
6753215796
6753267265
6753407796
6753425140
6753576077
6753712952
6753767734
6753860921
6753881140
6753906171
6754046234
6754241171
6754271671
6754545609
6754665077
6754830984
6754918359
6755062452
6755119015
6755344702
6755484452
6755530015
6755614952
6755659952
6755742234
6755770327
6755823890
6755876952
6755998952
6756052952
6756140765
6756268952
6756307234
6756466359
6756532577
6756611827
6756681202
6756713046
6756785734
6756909952
6756939202
6757086359
6757132890
6757254859
6757372109
6757448046
6757657984
6757753827
6757791452
6757869109
6757890077
6757908921
6758035265
6758599484
6759088827
6759299702
6759403296
6759523015
6759743546
6760658452
6760863827
6760919296
6761095577
6761204796
6761403359
6761431265
6761558202
6761598234
6761782359
6762006796
6762229265
6762395171
6762550827
6762722577
6762874421
6763042421
6763348702
6763883546
6764133734
6764195609
6764545234
6764661921
6764920202
6765116484
6765324796
6765770702
6766630952
6766702359
6766883390
6767411390
6767583577
6767697171
6767787046
6767902234
6767992671
6768032952
6768272859
6768331077
6768435640
6768533984
6768599702
6768714484
6774163077
6774747359
6776350952
6777044327
6777301827
6777473140
6777697265
6777819702
6777891515
6777983359
6778153484
6778357796
6779942390
6780052952
6780797265
6780936515
6781127327
6781236202
6781280577
6781629734
6781697171
6781844140
6782036202
6782255952
6782295359
6782874577
6782996421
6783063640
6783165421
6783374484
6783539265
6783790327
6783911609
6784024077
6784054359
6784096452
6784151390
6784193609
6784227827
6784318515
6784511234
6784631484
6784735859
6784776609
6784921171
6785053046
6785167390
6785383484
6785477452
6785626015
6785706765
6786294984
6789286734
6791011671
6792945890
6794536702
6802474702
6804145421
6807366327
6826906640
6827035515
6827233702
6827630890
6831695734
6832655796
6832872890
6833025202
6833170796
6833376171
6833972890
6834041327
6834092609
6834236671
6834357702
6834700390
6837839265
6838770577
6838798702
6840692140
6849491234
6853598515
6854201171
6882968671
6884696577
6885978515
6914283859
6941588296
6941612015
6971998296
6983254921
6987293921
6991606702
7038305671
7046233234
7060719421
7065653077
7065738452
7065774390
7065874577
7065920171
7066067015
7066214515
7066341952
7066466734
7066574046
7066832109
7067048859
7067272515
7067394734
7067638546
7067801546
7068030890
7069060484
7069344171
7069512359
7072598077
7082781359
7099207796
7103893734
7117626859
7118564077
7118938452
7120503921
7123027171
7125107702
7125381890
7125702327
7126499765
7126919390
7129120265
7134136952
7135716234
7143914202
7144201890
7144350671
7144378577
7144483484
7144678765
7144747390
7144804046
7144876859
7144911234
7145148515
7145168296
7145297171
7145389327
7145461734
7145688671
7145731171
7145820984
7145904765
7146222140
7146302765
7146410640
7146479265
7146604921
7146742327
7146813202
7146932015
7147084921
7147221577
7147325421
7147575327
7147791046
7149798952
7150028796
7150198640
7150279890
7150487452
7150771609
7151197827
7151509077
7151561734
7151739202
7151855390
7151949140
7151979077
7152393140
7152545202
7152680609
7152863265
7152983796
7153093859
7153379921
7154054484
7154283390
7154704827
7154836796
7154978390
7155060577
7155246921
7155291952
7155425859
7155496515
7155515109
7155595515
7155686265
7155764515
7155830702
7155869015
7155990140
7156132546
7156270202
7156422890
7156439484
7156569109
7156834421
7156918452
7156999452
7157272421
7157488515
7157835952
7157975952
7158252827
7158459640
7158605452
7158824671
7158857765
7159108702
7159339702
7159528952
7159666515
7159746671
7159973577
7160083890
7160209765
7160343452
7160689265
7160940827
7161109202
7161268421
7161393796
7161547515
7161592265
7161905421
7162081921
7162970327
7163150796
7163504421
7163717484
7163898921
7164054546
7164542202
7164860827
7165025265
7165203265
7165369890
7165732952
7165796796
7166214702
7166492359
7166641890
7166792452
7166865484
7166978796
7167070515
7167232015
7167286390
7167454640
7167565390
7167646015
7167779046
7167865796
7168007390
7168189984
7168483546
7168593265
7169085015
7169198452
7169374984
7169575484
7169836827
7169990734
7170120890
7170203109
7170319890
7170517390
7170643921
7171944421
7172181796
7172434327
7172658921
7172944890
7173057452
7173300140
7173706577
7173935046
7174081734
7174271171
7174402359
7174657296
7175072890
7175437984
7175778609
7176126015
7176299702
7176446765
7177038359
7177477359
7177808921
7178583234
7178973577
7179209577
7179509265
7179844702
7180074859
7180465890
7180817827
7181072609
7181127546
7181300140
7181948202
7182409077
7183520202
7184151109
7184641015
7184768202
7184916484
7184931765
7185129046
7185221202
7185272265
7185293015
7185405515
7186018359
7186187734
7186396265
7186556265
7186727952
7187746577
7188740234
7188984484
7190419109
7190710921
7190946952
7191184640
7191512890
7191827671
7192362046
7192861859
7193007984
7193174671
7195810046
7195925484
7195946546
7196335109
7196609984
7196707984
7196830640
7197028984
7197171765
7197287921
7197410296
7197495952
7197693702
7197709952
7197961046
7198474452
7198805015
7199465265
7199616827
7199840952
7199964515
7200483702
7200699765
7200936577
7201062171
7201320546
7201652515
7202307296
7202492202
7202921577
7203190609
7203349390
7203736359
7205561577
7205580921
7205900265
7206409390
7207162577
7207269421
7207385077
7207494234
7207698640
7208766077
7208941109
7209143702
7209274546
7209704827
7209873452
7209916577
7210422734
7210530484
7210946077
7211267046
7213367609
7213535421
7213799484
7213974984
7214250265
7214429984
7218293077
7218566796
7218658921
7219297890
7220694296
7221875046
7222079640
7222567577
7222744890
7223567640
7224412546
7225432015
7225637359
7227341202
7229650390
7230681515
7231113327
7231941077
7232377452
7232532202
7232736859
7234091734
7234328859
7242476671
7242843546
7246540171
7254786859
7254959890
7255355546
7255591202
7256420484
7260752640
7260828921
7264375109
7283344734
7284001202
7284883921
7285233765
7285452827
7287420484
7293899421
7294545046
7295794859
7295936859
7296033390
7296456640
7296666046
7299174265
7309370671
7310595671
7310610859
7311145359
7311167921
7312049140
7316153015
7324779421
7334870921
7341334046
7342690265
7347879296
7353976671
7359276702
7359299984
7359345702
7359411015
7359547952
7359683109
7359774484
7359878702
7359939171
7359970765
7359987421
7360082890
7360193702
7360312702
7360373859
7360450609
7360648734
7360731827
7360829734
7360929046
7360990702
7361012390
7361869046
7362003484
7362178515
7362392577
7365352265
7365773015
7365787702
7366434359
7366618265
7366650140
7371158640
7371204421
7371318984
7371962015
7372648046
7373790952
7373945484
7375244140
7375284015
7375306265
7375574421
7375581515
7375594734
7375762109
7375763359
7376013140
7376717171
7426231827
7426244171
7428330515
7428347234
7428718702
7429320609
7429361702
7429370296
7429410609
7429917796
7430563265
7430612640
7432329359
7432421109
7433739702
7434732327
7434991827
7435078265
7435153702
7436297234
7444949202
7446173140
7447003265
7447308515
7453423734
7453877859
7454153765
7454340671
7454353327
7454742452
7458451296
7458906546
7463573015
7464029546
7466938640
7466964577
7467096702
7467371265
7467409202
7467425234
7467456234
7467598202
7468096390
7468110609
7468397077
7468468765
7470298202
7472640109
7478023109
7490829390
7490916640
7492885671
7496531827
7501012202
7501908452
7502057827
7505293546
7505673796
7505681796
7511130859
7511612015
7511698952
7512047015
7512868202
7513638421
7513667421
7514088452
7514187452
7514343640
7514603702
7514850202
7515314202
7515324890
7516175702
7516185046
7516638359
7516767077
7517485202
7517493077
7517799015
7517809109
7518854327
7518875359
7518919484
7519153796
7519188265
7522119796
7522128827
7522184796
7522196327
7522301421
7522679765
7522732515
7522741796
7522768484
7522963109
7523185984
7523432827
7523496577
7525850546
7529294609
7529310390
7529700077
7531972171
7532376827
7533269921
7533427327
7533755452
7533823452
7533842234
7533894796
7533912140
7535840765
7535854296
7536148077
7536921421
7538520671
7538844390
7538857702
7539028015
7539465077
7539970234
7541479452
7541682702
7541864984
7542379859
7544736734
7545262202
7545859484
7546896202
7548467140
7548493796
7549035327
7549091452
7549806296
7551797109
7552078952
7552325609
7555923359
7555966327
7557222609
7557883327
7557894171
7557912640
7558438390
7558474390
7560887046
7560932515
7561146702
7562058202
7562214327
7562747421
7563062390
7563172046
7564309265
7566052077
7566059327
7566204671
7566220265
7566233671
7566269359
7567855202
7571351421
7572194296
7572492046
7572902327
7575702984
7577484484
7577504890
7577617765
7577838796
7578073234
7578423484
7580882234
7581182640
7581946890
7582297046
7582306015
7583354734
7584746359
7584897671
7585200796
7585482202
7585500077
7586042171
7586273734
7594894077
7597920109
7600159952
7601705640
7611506640
7611859515
7611952327
7612180327
7612381640
7613023015
7613128640
7613346546
7613686921
7613817265
7613939234
7613970077
7614068984
7614284296
7614642202
7614775077
7615087765
7615117609
7616467077
7618068077
7618273046
7619016952
7619760421
7622045796
7628635046
7629572077
7635231390
7636072359
7636652921
7637229734
7637665327
7637676952
7637689609
7637931546
7637949046
7637989171
7644916765
7646630577
7646764077
7646777921
7646807265
7647043296
7647903202
7649392890
7649682327
7649828234
