3381759140
3382287890
3384281515
3385006359
3385348765
3386930484
3390740515
3393738296
3393962984
3397062609
3397611390
3399275452
3401319421
3404222734
3405325952
3405680234
3407933796
3408593109
3416076327
3416832515
3418917765
3421848327
3423607046
3426537359
3430172640
3430981765
3431749890
3437006046
3438215796
3439153327
3439363734
3439582702
3441469390
3442024952
3444613515
3447951421
3448050359
3448563671
3448731796
3449096421
3449283015
3449410265
3449425796
3449494171
3449603921
3449733265
3450718952
3452463327
3455171984
3455174202
3455602577
3456930109
3457260952
3458259421
3459953859
3464341077
3467992140
3468289296
3468588452
3468841390
3468895765
3469106421
3469300702
3469355359
3469396327
3469525109
3469853046
3470105046
3470311515
3470435890
3470751359
3471218984
3471271577
3471388702
3471531515
3472147515
3472371202
3472590859
3472848421
3472981671
3476046984
3476967234
3477142077
3477307265
3477397640
3477620859
3478504390
3478639171
3478780859
3479085484
3479159171
3479233796
3479440265
3480121546
3480329452
3481005952
3481196609
3481405921
3481571734
3482351796
3482732827
3482800859
3482903984
3483130327
3483435265
3484470452
3484698609
3485574046
3485730921
3486871671
3487800859
3488251452
3488761640
3488966859
3490980265
3491255234
3491301734
3492095421
3492420452
3492796234
3492912421
3494038452
3494484640
3497281921
3498741421
3499156952
3499261827
3499472171
3502484109
3504973577
3507108109
3507475390
3520595859
3522158327
3539300765
3540918077
3541385484
3542458452
3552161734
3554568890
3555285859
3557392452
3558353702
3558583921
3560265109
3562653015
3563803640
3566704984
3567160515
3569871359
3569891796
3570249202
3570645234
3571043390
3571135952
3571508421
3571812671
3572076546
3572218390
3572491077
3572579484
3572775734
3572830640
3572937859
3573293484
3573461390
3574173234
3574541390
3576497546
3581854202
3582805390
3582910390
3585216327
3590872984
3593963265
3597917515
3598167640
3599448671
3602841452
3608469515
3608572765
3608733171
3608812734
3608853921
3609411421
3609534140
3611809171
3617634421
3617763609
3621633515
3626115702
3629534327
3629709452
3634482359
3636096827
3636226827
3637671515
3637995140
3639776296
3650649390
3650661109
3650801015
3650921452
3651001890
3651131171
3651403327
3651567359
3651675734
3651785390
3651839015
3651901827
3651967796
3652012421
3652169671
3652205140
3652234296
3652250452
3652298015
3652336390
3652362234
3652383327
3652421452
3652473859
3652528921
3652584546
3652613515
3652634546
3652688609
3652763484
3652838359
3652917640
3653115265
3653837046
3653990140
3654194452
3654493452
3654858140
3655369734
3655547609
3655679859
3655792140
3656104171
3657303390
3657373265
3657675984
3659595577
3659752452
3660075296
3661685577
3663782734
3663876390
3664009296
3664246265
3664536296
3665975702
3666361296
3666537952
3669600202
3669761421
3670875327
3671326421
3671893609
3672201109
3673244077
3676473859
3677289546
3679453577
3704542671
3710660859
3710734390
3711127702
3715236546
3715585671
3719477859
3730348577
3730803109
3730855734
3730948484
3731033921
3731513765
3731557609
3731813702
3731871952
3732029140
3732065234
3732123015
3732147140
3732175640
3732214234
3732226671
3732265546
3732286452
3732404827
3732457484
3732492640
3732555515
3732591921
3732688859
3732924390
3733218702
3733352952
3733524140
3733750577
3733866171
3734083921
3734281077
3734509765
3735199140
3735957921
3736704452
3736871515
3736997015
3737165827
3737395640
3737569077
3737654577
3737671640
3737711952
3738189952
3739539577
3739994265
3740915827
3741319577
3741687921
3741771702
3742042609
3742381952
3742548702
3742704890
3743652452
3743909827
3744192515
3746280827
3751839390
3752133452
3752287109
3752551015
3752739577
3753429577
3753529359
3753664765
3754086077
3754223202
3754453421
3754570234
3754838546
3755116265
3755219234
3755342609
3755426734
3755510109
3755590390
3755803702
3756129609
3756407827
3756535140
3756673921
3756851390
3757447171
3757500609
3757598796
3759780734
3759843296
3759956827
3769048046
3769165515
3769275827
3769408452
3769535890
3769673484
3770085109
3770274171
3770504890
3770726421
3770808984
3770925796
3771107234
3772090234
3772635046
3772758577
3772794765
3772929202
3773587484
3774095077
3774334327
3774941734
3775078327
3775852609
3776062952
3776291421
3776437921
3776561671
3776749515
3776870577
3776977952
3777106640
3777290609
3777509140
3777624952
3777688702
3777883202
3777964109
3778115296
3778443890
3778740984
3778835546
3779134421
3779514171
3779700640
3781000234
3782015327
3782442859
3783136327
3783277265
3783467671
3788410421
3790088952
3805624484
3809323484
3809415890
3823479077
3827119609
3828256421
3831167359
3833355140
3838935484
3840972796
3846927390
3848372171
3851903702
3852692921
3852718421
3853038796
3854547827
3855230296
3858004390
3859306202
3864949921
3865846890
3867768734
3869422359
3872262952
3872285202
3875167827
3875889609
3876490984
3877344390
3877608452
3878615390
3881590734
3881998734
3882611734
3884805640
3885626827
3892078952
3892462859
3892839421
3893798702
3896727921
3898351921
3899972296
3899995046
3900625890
3900696640
3900956202
3904620015
3905801859
3908776077
3910027077
3910064859
3910197515
3911172077
3911551765
3912019796
3912255234
3914331421
3915551765
3916100234
3916328796
3918030702
3919225234
3919513015
3919801171
3919829765
3920134827
3920403796
3921383984
3925919140
3930724015
3930965921
3932754015
3932796921
3933322327
3933541890
3934015452
3934095734
3934332265
3934547952
3934596171
3934755890
3935333546
3938002515
3939398484
3951324577
3951899515
3952352734
3952580546
3952725452
3953625921
3953634390
3953725515
3953840046
3953883671
3954045796
3954725734
3954777921
3954965952
3955430859
3955553952
3956056359
3956403452
3959412702
3959551390
3959835015
3960299296
3960385359
3961454296
3962970984
3971343609
3983464702
3987197702
3987628390
3987955671
3988044484
3988971765
3988989640
3989137327
3989640327
3991213452
3991433765
3991951046
3996709171
4008458952
4009085327
4011409390
4013655952
4014756077
4015974234
4016452265
4026141702
4026443546
4027069515
4032941765
4038078046
4041594234
4053308109
4059387359
4060528859
4061809859
4071155484
4076148796
4076331796
4096579077
4098753921
4098868202
4111147390
4117378546
4126712827
4137812640
4139642046
4149983140
4150064765
4150079640
4150100390
4150114484
4150134109
4150206984
4150307327
4151403671
4152282327
4152295171
4152470296
4152738827
4152778171
4164717234
4172488609
4172532421
4180311702
4185236234
4186290577
4189142952
4192200484
4192228171
4193567734
4193580984
4194348609
4195162671
4201800484
4204443671
4205212202
4206853359
4206861765
4207255984
4207263859
4207309390
4207519859
4211388265
4212174702
4214897734
4215865077
4215944109
4216084765
4216337452
4216416327
4216552952
4216804015
4216827796
4216885109
4216976015
4217014546
4217052890
4217106671
4217150234
4217248327
4217366952
4217452296
4217604171
4217725390
4217746327
4217825734
4217876359
4217959640
4218046327
4218112140
4218138921
4218172984
4218454640
4218558202
4218591109
4218720734
4218783921
4218872640
4219166327
4219286327
4219455077
4219620984
4219738859
4219894171
4220287890
4220778609
4221402640
4221881952
4222251077
4223406202
4228113484
4232028921
4232172796
4244215952
4246977077
4250883234
4253930359
4254310015
4254688140
4265427234
4266402702
4270749484
4274781984
4276595827
4277520234
4279300202
4280830484
4280842984
4281127546
4281399546
4284919140
4286453640
4294734171
4294821859
4294859234
4295402671
4295886546
4297224296
4297373296
4304142390
4304989077
4306500859
4308841327
4310983515
4314021452
4319498796
4323116390
4323427765
4323438140
4323708484
4323716421
4324481452
4332065890
4336358077
4337450546
4338241921
4338423015
4340727296
4342900452
4343239702
4343263171
4343760952
4344435702
4346303234
4346320921
4346844515
4347179796
4347208265
4348201140
4350548609
4352660609
4353512609
4354092109
4354535827
4356219796
4357632109
4360657202
4360857609
4361562890
4362647984
4363724046
4363951515
4364215234
4364775077
4365506327
4366544859
4367023921
4367752765
4368065265
4368094921
4369552921
4371741484
4372200077
4372552327
4373781359
4373792265
4375084234
4380995234
4381318109
4381329859
4382652421
4382778234
4382800640
4383531577
4384187484
4386218234
4386594640
4386645171
4387447984
4391784484
4393144734
4393375734
4403237109
4403472484
4404543109
4407608702
4510630234
4510922827
4521710140
4523280202
4524922515
4529000515
4539206671
4539765952
4546261609
4553237952
4555150015
4555315452
4560979921
4561948015
4563903046
4571286452
4596235265
4596470452
4602532796
4603730859
4605010702
4606641734
4606806702
4606831296
4607114390
4607456265
4607938515
4608020734
4608093921
4608150077
4608230421
4609567234
4609691546
4609758577
4609908140
4609961390
4610180452
4610454859
4611554390
4611819484
4617194452
4621892546
4624348546
4626856577
4636593952
4641621359
4641980015
4642446515
4644330734
4644998015
4645116827
4654130859
4656621890
4671420327
4672132359
4675061515
4680703109
4687264296
4692198515
4692405671
4703903890
4704109046
4705160234
4708937796
4718907452
4731055359
4735949952
4737198202
4742915171
4743842921
4746144265
4752573515
4754579390
4756241046
4757200390
4760920609
4765419484
4766988921
4769693265
4771327702
4771637077
4771791796
4777933452
4778081202
4778199202
4781772546
4782140202
4782458546
4782962484
4783257265
4783615046
4784445234
4784515484
4784763452
4784825921
4785147015
4785334046
4785509234
4787414609
4787785640
4788039796
4788169671
4788496952
4790497202
4790625546
4790840890
4804241640
4804748734
4806386796
4808179140
4810438921
4813873765
4814249827
4816767359
4818773046
4819092952
4823477484
4823798859
4824003609
4825420140
4828461577
4838791702
4842563140
4843992452
4846178046
4846469359
4849640390
4851437109
4852246734
4855605640
4856116202
4857664109
4859583890
4863480359
4863510015
4868632390
4880915015
4881833202
4882942671
4883413609
4883525515
4883656171
4883830390
4883970921
4884156921
4884308702
4884333765
4884442890
4884559421
4884655796
4884781327
4884962390
4885035890
4885111109
4885221702
4885374109
4885467265
4885846421
4885918109
4886087421
4886349484
4886535515
4886605577
4888764546
4889182015
4891442952
4900606609
4901053859
4901167827
4901764327
4902577765
4903555015
4903859827
4904039484
4904269046
4904579171
4905761109
4909461827
4909537202
4910974702
4912564140
4912680546
4913004796
4913369890
4914369421
4914655702
4914774421
4916824421
4917192390
4919157390
4920606327
4926076859
4927227046
4930473140
4930744327
4932500202
4933220234
4934608015
4935050827
4935490859
4939906796
4941889171
4944116202
4945541671
4947768859
4948252015
4949458171
4949680984
4951244390
4960547577
4965930296
4966720577
4966733765
4966751796
4967122234
4967471296
4967750796
4968212702
4968247952
4968357984
4968418484
4968567515
4968982390
4969078859
4969321577
4969822265
4970014109
4970291265
4970846390
4971070671
4971391546
4971871546
4972150984
4972359859
4973052609
4973324734
4974263046
4974338765
4974377484
4974415202
4974534515
4974933359
4975219640
4975324484
4975999359
4977097171
4978013796
4978464421
4983372171
4991524171
4992904296
4993468671
4993583296
4999977077
5015432734
5015962452
5016093327
5016183577
5016383484
5016670702
5016842202
5016884515
5017027609
5017150046
5017202859
5017281327
5017468359
5017612359
5017694015
5018093452
5018865327
5018877640
5019182327
5019432734
5019855234
5020010827
5020135327
5020213921
5020338015
5020667421
5021034140
5021222702
5021392796
5021427921
5021895577
5024118140
5029490265
5029730984
5037591421
5046750421
5047261640
5050539702
5052441609
5055806452
5063971734
5070115234
5078881421
5087554952
5090817452
5090831359
5092193952
5094499609
5094946421
5095454859
5095660202
5095796577
5095855296
5095967890
5096424390
5096446390
5096466077
5096513734
5096524515
5096537265
5096649952
5096729546
5096864359
5096929202
5096960609
5097345859
5097965296
5098314421
5103309577
5103488734
5104918296
5104928734
5105139202
5105211015
5105309327
5105395202
5105486140
5105504452
5105658077
5106200609
5106516577
5106613202
5108588327
5108713984
5108754109
5108838609
5108916484
5110008202
5110426171
5111399452
5111460015
5112118702
5114103546
5114169515
5115139796
5115535390
5115776796
5116050765
5116147296
5119846390
5120374921
5130615609
5130735921
5130914609
5130997984
5131013859
5131190546
5131409421
5131612859
5131909077
5132004577
5132118421
5132444577
5132668109
5132700390
5132776890
5132860390
5133067046
5133284046
5133416859
5133662702
5133880171
5133958859
5134070859
5134192484
5134341827
5134539109
5135779734
5135987827
5138276984
5138553765
5139695140
5156652015
5162690952
5162758484
5166021296
5167715140
5167734921
5168160140
5168586796
5168638077
5168706171
5169034859
5169194827
5169848390
5183185859
5184276265
5191282609
5192454484
5192669765
5197052171
5197491702
5197896421
5199848421
5202476827
5205363077
5207383109
5207742109
5207889140
5208267077
5208288140
5208438327
5208619077
5209017577
5209473827
5210058577
5211199796
5211491921
5212420702
5214952265
5215668827
5220458327
5220493327
5221060609
5221147327
5222516359
5238290109
5240415046
5248504171
5248605171
5248673640
5248725577
5248775515
5248803421
5248921265
5248974077
5249014515
5249105359
5250103859
5250343609
5253384671
5253525734
5253722327
5253808984
5253913234
5254027140
5254046202
5254106202
5254343202
5254453171
5254735765
5255162390
5255261390
5256362734
5257974484
5265377327
5267495859
5270178609
5270722265
5271162484
5271605577
5271816640
5271831890
5272058390
5272277671
5272296796
5272571546
5272686077
5272703577
5273162359
5273360702
5273648046
5273731202
5273837671
5274171327
5274413234
5274552015
5274618484
5274754202
5275895327
5276061077
5276177015
5276192327
5276316265
5276452484
5276681796
5276868734
5277011640
5277255015
5277468827
5277547952
5277726984
5277731109
5278007359
5279548546
5279776671
5280777296
5280899171
5281112702
5281134827
5281306140
5282335484
5283185202
5283307952
5283339234
5283361296
5283394327
5283569140
5283667359
5283819890
5283930390
5284255765
5284517484
5284652546
5284785859
5284958640
5285064359
5285148796
5285176609
5285248421
5285400921
5285692109
5285840890
5285843452
5286341921
5286562234
5286637609
5286783515
5287097171
5287248452
5287488952
5287623296
5287749296
5288658109
5295841702
5304587546
5304750546
5305925390
5306000390
5306329952
5307297109
5315625202
5318986577
5319014077
5319593171
5322137234
5322174765
5322300234
5322340202
5327511859
5327641984
5327920327
5328084234
5328579827
5329274452
5329513671
5329667890
5329829984
5330002390
5330345484
5330430671
5330436890
5330595109
5330761734
5330969484
5331231546
5331365015
5331390671
5331449765
5331529077
5331637046
5331745546
5331821359
5331947171
5332087015
5332180171
5332310452
5332425171
5332633296
5332764484
5332817390
5332892015
5333039640
5333125202
5333250484
5333407452
5333443671
5333470109
5333521140
5333541109
5333581796
5333908702
5334185734
5334326327
5334690827
5334920452
5335033515
5335378671
5335464421
5335573421
5335613515
5335639202
5335699484
5335742015
5335780577
5335811421
5335856890
5335898890
5336007296
5336091734
5336152359
5336193140
5336230702
5336351140
5336447765
5336798577
5336809046
5336849515
5336952202
5337010546
5337093952
5337485484
5337549984
5337604702
5337642390
5337942359
5338097421
5338196796
5338373140
5340635046
5341372515
5341973515
5343204859
5343524015
5343652546
5343909640
5345283171
5345622077
5346033515
5346539515
5348514671
5350280265
5350362296
5351009859
5352692265
5358296452
5360316359
5360754734
5360993421
5361417546
5361526327
5361818640
5362179140
5362293609
5366014859
5366631452
5366747109
5367204702
5370160859
5370313171
5370383734
5370529202
5370824484
5371239765
5371573827
5372513671
5378233577
5380840109
5381280484
5381729577
5384394234
5384795171
5390386827
5399801984
5404508796
5408541140
5414318452
5424448515
5424743390
5435532609
5437394577
5441641796
5444149202
5448888796
5450485421
5450534390
5450732265
5452364452
5452479265
5452967984
5453079359
5453199452
5453284577
5453697515
5453967452
5454114671
5454402827
5454495140
5454548077
5454654109
5454873484
5455081734
5455647796
5456395734
5456984577
5457067859
5457405577
5457738609
5458655046
5458923734
5459030984
5459178734
5459322952
5464189140
5474165765
5476972827
5483765921
5484069359
5489168827
5489443952
5489559890
5489852827
5495543765
5495607859
5496096327
5496322734
5496455015
5496768734
5497008484
5497278859
5498121671
5500667640
5500850296
5501888046
5502151109
5502421077
5504420296
5505143171
5505721890
5507958077
5508318609
5511291890
5512012859
5512262077
5513299702
5513366546
5513497765
5513627015
5513651202
5513860296
5513985890
5514153265
5514395265
5514447421
5514625046
5514862171
5515151390
5515672952
5515773421
5516037921
5516223952
5516531265
5517891140
5518446390
5519307827
5521404515
5521702484
5521999827
5522029546
5522041702
5525716890
5527058390
5528269421
5528367327
5531471702
5532515265
5532642609
5533903421
5535156577
5535181734
5535218640
5535237265
5535261265
5535273296
5535348109
5535383484
5535414171
5535438015
5535475202
5535610640
5535628234
5535682671
5535768421
5535930265
5536097546
5536150890
5536227452
5536292359
5536413109
5536699702
5536721890
5537321109
5538069265
5538230234
5538801546
5539116827
5539234609
5539502390
5539711484
5539883671
5540120390
5540379171
5540687109
5540944609
5541110952
5543900359
5550960171
5551001765
5551348109
5551436702
5551795390
5552504171
5552605546
5552783609
5552928265
5553233671
5553317609
5553333077
5553565109
5553600546
5553748515
5554068327
5554743234
5554825140
5557941046
5559081109
5559749202
5560176452
5560516234
5561603546
5562163859
5562371421
5562607296
5564086359
5564477640
5566546984
5573208609
5576620421
5582678702
5582800046
5583387171
5583689359
5584323359
5584465296
5584997046
5585538265
5585938671
5586311984
5591266984
5593803202
5594037859
5594199046
5595126515
5598556265
5598718140
5599067452
5605391827
5606243421
5606326265
5606502734
5606547546
5606648859
5610286734
5610768140
5610780265
5610974671
5611736702
5616608609
5620788327
5621833265
5622478452
5629815734
5636279827
5637448890
5638268390
5638582390
5639269765
5640225765
5640468702
5640753046
5641177452
5641415109
5646788859
5651021171
5657089109
5659193796
5659417265
5659588765
5659777702
5661519359
5663289359
5663336452
5663444109
5663502421
5663659827
5664108109
5664220921
5667663671
5668694984
5673238046
5673282359
5675237327
5676953296
5677372734
5677612734
5678009702
5678012171
5678299234
5678446202
5678578296
5678713202
5678769421
5679031046
5679236734
5684525359
5684769046
5684873171
5685778765
5685900109
5690803421
5691722890
5691969077
5693754515
5693803796
5694196609
5696536234
5696740765
5697464890
5697599171
5697716515
5698531015
5699157109
5699322140
5699515077
5702137984
5702174984
5702385452
5702744827
5703110015
5703217515
5703519171
5703845109
5706647234
5706826359
5706976734
5707211484
5707844140
5708268796
5708323296
5708513421
5708821702
5709051859
5709787296
5710139296
5711496702
5713343577
5713595921
5721130859
5721607327
5721619077
5723435671
5739466327
5740490109
5740808859
5741786484
5741864671
5742201109
5742631515
5742984671
5743213984
5743312109
5743510234
5743640734
5743652421
5743722421
5743828984
5744096765
5744141359
5744244515
5744299546
5744308077
5744391890
5744480015
5744526265
5744623390
5744670609
5744702140
5744870609
5745066296
5745124671
5745161202
5745372359
5745454077
5745499327
5745591265
5745680077
5745784921
5745855421
5745973609
5746519859
5746891609
5748047796
5748259077
5749453952
5749852390
5750114327
5750331827
5750557484
5750692984
5750802765
5750906484
5751099140
5751212734
5751273952
5751557421
5751839640
5752370202
5753324327
5755822577
5756078265
5758390140
5758566859
5765808015
5765938265
5791315952
5791406202
5791529327
5793571109
5794267421
5794295296
5794365859
5794528452
5794781202
5796745827
5797676265
5798776640
5800274546
5800433015
5801162515
5803521202
5805773640
5808522452
5808770984
5811045452
5811128421
5811298046
5811955046
5816961702
5817098609
5817131984
5818400827
5819458234
5821453765
5824290546
5824703015
5825847327
5825981202
5826129484
5829298921
5829523265
5830256577
5835478077
5837962359
5838193296
5839152640
5840402765
5840473734
5840598609
5840963171
5846605921
5848121171
5848835046
5855381046
5855529484
5855645046
5855811577
5856072640
5856276015
5856351452
5856649202
5865607984
5865966390
5866170077
5866434390
5866641202
5866718390
5866936859
5867255546
5868656577
5868755327
5869144671
5869380671
5869429859
5869957577
5870022984
5870417796
5870574515
5870688452
5870777515
5870888952
5871067484
5871115140
5871226077
5871436577
5871558452
5871653296
5872083202
5874179952
5874273452
5874567671
5876107359
5879411515
5881713515
5885453921
5885809265
5887056015
5888137296
5889615577
5890977452
5893599702
5897246359
5898675546
5899437109
5916582296
5920612984
5920857859
5921528140
5922073577
5922174296
5930961765
5930994952
5937582890
5937942390
5938182671
5938297077
5938403359
5938529077
5938684671
5938870234
5939031109
5939335109
5939778234
5940139890
5942060390
5942581577
5943677265
5945351640
5945764984
5947895452
5948101327
5948545421
5948627515
5949204796
5949324640
5952255984
5953602859
5954217952
5956569452
5957206234
5957277234
5957434921
5958268796
5958640952
5959146452
5959490827
5976784546
5977180546
5977287202
5983936265
5984092984
5984101421
5984121202
5984132640
5984152077
5984295359
5984330702
5984582202
5984756796
5984883577
5984903890
5984996827
5985112077
5985166015
5985231577
5985260327
5985361952
5985451171
5985469952
5985516327
5985607046
5985804859
5985879452
5985942827
5986034515
5986282671
5986366671
5986576359
5986761015
5988950952
5989527171
5990310109
5991626140
5992509952
5992776452
5993069202
5993320546
5995899640
5996642734
6007918702
6012582577
6013597015
6014216077
6015571484
6016845327
6018213765
6018587234
6025056921
6025271671
6025452171
6031557265
6031665109
6032020046
6033172046
6036975671
6046659952
6046889202
6047018390
6047147859
6047242265
6047417796
6047533890
6050184202
6051759077
6053008515
6065088077
6065221171
6065355421
6065467921
6065524327
6065537234
6065572734
6065620921
6065675484
6065733734
6065780640
6065824952
6065940702
6065976046
6065988859
6066060171
6066112452
6066136359
6066166515
6066238359
6066315952
6066354515
6066398171
6066462327
6066472640
6066509890
6066540421
6066564140
6066630952
6066728484
6066814827
6066876765
6066913265
6066954015
6066973921
6066994484
6067029984
6067114515
6067206890
6067282640
6067387827
6067477390
6067498984
6067637484
6067652171
6067716015
6067752202
6067801921
6067844671
6067865921
6068054952
6068229171
6068259265
6068314827
6068387515
6068496265
6068569327
6068609171
6068718671
6068747015
6068845640
6068951890
6069023109
6069084077
6069156890
6069266609
6069355640
6069409046
6069431609
6069456327
6069485077
6069555952
6069617171
6069632984
6069731140
6069791702
6069911734
6069975577
6070061546
6070083140
6070105984
6070142390
6070234327
6070244234
6070422890
6070524921
6070604734
6070723609
6071210609
6071414234
6072252952
6072517515
6072806827
6077620546
6081823952
6082023484
6082441015
6082579796
6082919077
6082938952
6083004296
6083036546
6083070890
6083101984
6083118734
6083679671
6084308671
6084466734
6084685640
6084989952
6085297171
6085921609
6089771296
6089939640
6094007296
6102097702
6103980921
6105091077
6107213859
6107312859
6107426921
6107692640
6111019859
6111160202
6111502359
6111618484
6112252515
6112687359
6113229265
6113422327
6113599234
6113689359
6113737109
6113900046
6114576890
6116329640
6116515109
6116708640
6116720484
6117032671
6118810765
6118935859
6129755921
6131703609
6150222265
6151712140
6152637390
6152718859
6158226390
6160643327
6161494952
6165889796
6168186046
6169874609
6170938390
6184845390
6185058390
6185063921
6185091359
6185462140
6186612952
6187274077
6187389577
6187451859
6187524984
6187804640
6187919640
6188181546
6188316109
6188428796
6188577234
6188630952
6188744952
6188821202
6188853796
6188939171
6189037609
6189261702
6189353077
6189647890
6189755984
6190019077
6190072515
6190136484
6190280109
6190357296
6190664452
6192330484
6193253515
6196684140
6199100109
6199679421
6199768452
6200634046
6201144859
6214479671
6214899734
6216364109
6216694077
6216752984
6217188171
6217291046
6217550484
6218694421
6219618671
6219902046
6220030327
6222216702
6222443640
6222877421
6223078015
6224111921
6236544202
6237454421
6243541171
6243807234
6244534577
6245831702
6246348671
6247829234
6248320109
6248489921
6249256484
6249292390
6249904171
6252233452
6257138140
6257434015
6257639359
6257729921
6264979577
6267829140
6267845515
6267864609
6268085609
6268487952
6275651109
6281902640
6282674234
6284462140
6286565702
6287892202
6293453202
6293784702
6298241359
6312190796
6314208359
6314714546
6317629452
6317740671
6318049109
6318204890
6318424140
6318722577
6319243327
6320967327
6326887265
6327166140
6328319640
6328852046
6346029546
6346222390
6346645484
6350922015
6353340952
6353488546
6353818921
6353943952
6354837952
6355676171
6355825452
6356170577
6356312202
6356328296
6360170484
6360330984
6360419421
6360681296
6362194140
6368732827
6369219984
6371603734
6378577640
6379361921
6384066890
6384894234
6386362577
6387973484
6388316015
6389275921
6389444609
6389625765
6399554921
6400527671
6412264827
6412310265
6414662827
6414986421
6415140952
6415347890
6415587546
6417490609
6419243327
6419528952
6419786640
6419879827
6420669890
6421017640
6421229077
6421714109
6423023952
6423195952
6423268984
6423408921
6423455640
6423640859
6423719734
6424030796
6424051671
6424134015
6424174577
6424298640
6424574671
6424923734
6424986796
6425634327
6432699859
6435901827
6437125296
6438241827
6438428671
6439196859
6439295046
6439452890
6440240421
6442271921
6444981827
6445126859
6445896734
6452016671
6452665077
6453032484
6453354640
6453527671
6453625921
6453759765
6454029952
6455403546
6455527265
6455682515
6455916827
6456096921
6458435046
6463113859
6464693577
6465385546
6467226046
6467236827
6473358359
6480079796
6480425640
6480531952
6480770640
6481711609
6482105452
6482551296
6483886952
6489422640
6493523077
6498460452
6498603046
6498712046
6499006577
6499114827
6499405640
6499479577
6500342171
6508503296
6508598452
6508614984
6508743577
6509343765
6509603859
6510566109
6510739046
6510898140
6512397359
6535998140
6537227577
6537309577
6537565296
6537721327
6537823265
6538032109
6538150765
6538256077
6538354640
6539099015
6541901171
6546718640
6546914109
6550005734
6550207609
6550306952
6550428515
6550597546
6550688265
6550885265
6551248796
6551418796
6551726546
6551906515
6552038952
6552152577
6552270796
6552760921
6554544952
6562192796
6562422984
6568142046
6569340265
6569969327
6574521734
6575191796
6581464265
6581631702
6582398359
6591008765
6591050202
6596850796
6599060327
6600842171
6603205015
6604195046
6604550952
6605530984
6615905202
6624751859
6625259640
6631196140
6632619671
6633021202
6633145265
6634226546
6634648265
6635259702
6635361015
6635408202
6639754734
6641809859
6643428452
6650289296
6651479952
6651704702
6651908140
6652154921
6652230390
6652487921
6652981109
6653462234
6654846702
6655371734
6655495202
6655808327
6655893171
6655989734
6656123796
6656264359
6656484515
6656771734
6656875296
6662674234
6662996359
6663233234
6663465109
6663874327
6663912359
6664439452
6664458702
6664641015
6664660077
6664685140
6664708765
6664833359
6664995390
6666227421
6666529921
6667441140
6667622015
6669109171
6669494734
6669726702
6676337796
6676500202
6676578515
6677714077
6677902046
6678097484
6678214015
6678469702
6678653077
6678781921
6678938609
6678962296
6679180765
6679320734
6679683452
6680120421
6680286890
6680450171
6680602140
6680820109
6680946296
6681816046
6682175796
6682699890
6684471671
6686619952
6686669234
6687371859
6690822265
6690850234
6690904171
6691620234
6707653077
6712084515
6712322390
6712727577
6712820359
6712977390
6713182921
6713476921
6713903452
6718864234
6722493109
6728042046
6731773734
6731802515
6731836452
6731950671
6732103015
6732269452
6732334359
6732579515
6732667890
6732741921
6732905952
6733927671
6734287921
6738709421
6739087171
6739691890
6739834796
6741703546
6741732734
6744127171
6744268359
6745085921
6746404390
6746549765
6746970421
6748553109
6752100452
6753952827
6754204921
6756821046
6762666984
6762782390
6763418734
6763508327
6763566390
6763593609
6763658827
6763770546
6763811452
6763856984
6763931546
6764277390
6765220577
6765443109
6765457077
6768050765
6768096484
6768140234
6768211859
6768231421
6768252890
6768279452
6768303140
6768349952
6774473109
6776042452
6776227859
6777810296
6779527359
6779852890
6779943609
6780055484
6782705827
6783547827
6783714952
6785700234
6790065796
6792116140
6792296296
6792366046
6792545265
6792571140
6792720827
6792887140
6793020734
6793085296
6793251952
6793271390
6793355484
6793415234
6793576140
6793783171
6793828327
6794495202
6794574546
6794711077
6794804702
6794920265
6795043577
6795114859
6795203952
6795265234
6795641702
6795807296
6796379859
6796451577
6796481296
6796606796
6797316452
6798186577
6798415890
6798772734
6798887390
6799009234
6799246265
6799338265
6799484359
6799598515
6799679109
6799717609
6799779140
6799986890
6800008827
6801643046
6802114890
6802464327
6802802921
6806960702
6807551296
6813210859
6813456484
6813552859
6813639109
6813657171
6813717202
6813752327
6813772484
6813839046
6813860109
6813902140
6813960734
6813977140
6814012765
6814038109
6814071702
6814099390
6814152984
6814226671
6814245827
6814261827
6814316796
6814354671
6814382484
6814440015
6814512859
6814540546
6814567827
6814615484
6814649234
6814749859
6814779390
6814829921
6814853421
6815004484
6815352734
6815651859
6815765577
6815926296
6816376046
6816490109
6816615859
6816684109
6816746327
6816870109
6816921265
6816996265
6817091202
6817266890
6817349671
6817396827
6817425452
6817556796
6817843952
6817876546
6817927327
6818002077
6818183359
6818235890
6818354609
6818446671
6818602202
6818655827
6818957515
6819021671
6819032765
6819145390
6819228796
6819396015
6819546640
6819625984
6819648796
6819753734
6819908515
6820110046
6820158515
6820235046
6820283921
6820357421
6820516921
6820578015
6820869202
6820932421
6821099765
6821207640
6821315734
6821372327
6821490640
6821509015
6821581421
6821751202
6821836109
6821929796
6822012796
6822123952
6822202484
6822311359
6822698202
6822810671
6822941171
6823426484
6823620546
6823737577
6823826109
6823870296
6823909077
6824035046
6824329859
6824599140
6824663609
6824894327
6825006390
6825084890
6825108265
6825237296
6825276609
6825973296
6826021515
6826120952
6826211734
6826384984
6826575984
6826905390
6827061984
6827218327
6827450640
6828426984
6828881484
6829075421
6829078327
6829192796
6830224765
6830937171
6831009452
6831358515
6831449390
6832097765
6832195952
6832332546
6832488921
6832676265
6832801171
6833153609
6833274265
6833452327
6833646890
6834138140
6839451921
6839715171
6840347609
6846860015
6847010421
6848094015
6851963327
6854145921
6855855202
6856392015
6857220765
6857667171
6860951202
6863172171
6865050984
6865372171
6867733921
6878604952
6879000015
6883253921
6885914577
6898333484
6900001609
6902236171
6903836046
6904498609
6904998234
6905231046
6911041046
6921737984
6925414077
6934150484
6934218515
6934355046
6934471952
6934492546
6935166859
6935760171
6935946796
6936070484
6936211327
6936339109
6937542702
6937567796
6937636171
6937845952
6938015046
6938150921
6938250640
6938907921
6939180327
6940833171
6941041984
6941266546
6943039484
6945108890
6946136827
6946176827
6946418171
6946574015
6946749609
6946909702
6947054265
6948801921
6950697577
6954176827
6959777202
6964593796
6964841952
6966160702
6966769109
6966959202
6967177452
6968202859
6968357265
6968510077
6968532359
6968635984
6968683077
6968704796
6969019109
6969212390
6969313046
6969360921
6969389671
6969525421
6969683109
6969769546
6970056546
6970179046
6970282546
6970360702
6970405202
6970523140
6970949109
6971518515
6971846890
6972143046
6972231109
6972277796
6972344077
6972669609
6972824452
6973150546
6973220390
6976548171
6977590609
6978686609
6982341515
6983198015
6983364359
6990669921
6990685234
6993656921
6993758265
6996218952
6996438015
6997930796
6998232671
6998288265
6998407077
6998538734
7003138609
7004166984
7004876577
7009796890
7026701265
7026913421
7029683359
7030928515
7034491734
7042518390
7043704796
7045183921
7045357702
7048782452
7049407921
7053985890
7057027109
7057440765
7060256296
7064241577
7064351171
7064602984
7064642421
7064809827
7065126984
7065275671
7065367202
7065446171
7065598077
7065934109
7067733734
7073769234
7074600640
7074972609
7075227390
7075579484
7078579140
7078830890
7079063609
7079263265
7079664765
7080796171
7081208734
7083790077
7084433046
7084860984
7085902546
7087194171
7087458421
7087684359
7089595390
7089610015
7089918390
7091394421
7092453452
7092699827
7093147390
7094962702
7100319046
7102893296
7107525921
7109779546
7111473827
7119516984
7121371265
7126705577
7127722015
7134071515
7139109421
7139128234
7142391515
7153582890
7155567327
7160414359
7160562140
7160731890
7161101296
7161135671
7161306546
7161410077
7161483859
7161587421
7161741515
7161938109
7162020077
7162333577
7162632921
7162886577
7163636234
7164962109
7165253859
7165445234
7165467296
7165594296
7165869452
7165906765
7166292546
7166705452
7166851265
7166969077
7167194171
7167279015
7167475296
7167679452
7167833921
7167951015
7168032734
7168149640
7169303671
7169545671
7169864734
7170292359
7170354046
7170448140
7170569015
7172450359
7172635984
7172733327
7172929952
7173058327
7173469046
7173700796
7173931484
7175592327
7175816796
7175882359
7176227702
7176484921
7179023640
7179295015
7179408421
7184651671
7195402765
7195952827
7196597015
7196696921
7197234077
7199251077
7199965546
7201474827
7202082046
7202809265
7202838734
7202856171
7202924109
7202979796
7202997359
7203049484
7203133702
7203184765
7203366327
7203444109
7203575046
7203648171
7203669265
7203747421
7203881265
7204144577
7204313452
7204346234
7204379202
7204574452
7204755859
7204946077
7206194015
7206412984
7206576796
7209226109
7210752015
7210766359
7210930984
7211118046
7211165015
7211249734
7212147234
7213044984
7216159077
7222135890
7226174390
7226195796
7226401640
7228582515
7229803484
7231342796
7231431671
7231573171
7233131140
7233204046
7234985296
7235651890
7239082484
7239894015
7240978077
7241063921
7241219171
7241303452
7241402515
7241701702
7241960171
7242265452
7242493077
7242602484
7242628140
7242751234
7242966015
7243057327
7243079890
7243223234
7243692515
7243786609
7243946077
7244057640
7244235952
7244357671
7244415015
7244514421
7245123546
7245395171
7245526827
7245610452
7245727359
7245829140
7246215296
7246349734
7246439296
7246832577
7246979202
7247274890
7247809640
7247997765
7248676702
7249203859
7249387077
7249956046
7251340327
7251424140
7251507234
7251687577
7251791515
7252547390
7253385827
7254055515
7254395546
7254587359
7254726890
7254813296
7254912484
7255317546
7255622452
7255930702
7258746796
7258788609
7258839109
7258960140
7259105452
7259388452
7259511859
7259863984
7259973515
7260127765
7260267765
7260448109
7260624734
7260894359
7261631765
7261808265
7262047046
7262448296
7262799702
7262862890
7263106171
7263211296
7266624234
7266736640
7266959671
7267435421
7269599390
7270388296
7272315796
7277369702
7281901796
7283263702
7283718327
7283842265
7284085359
7284249577
7284577577
7284657171
7284793015
7284959546
7285090171
7285522327
7285628827
7285735859
7285925390
7285961765
7286491765
7286657952
7286909077
7287865921
7290703234
7290821702
7291337452
7291604859
7291958359
7292206984
7292361109
7293315234
7293684046
7296830046
7298610859
7302856390
7305167640
7306522859
7306900796
7307509452
7311773109
7312327421
7313093046
7313776296
7314873827
7316557921
7319012327
7319019952
7324213390
7328157952
7328422077
7328604390
7329902984
7330693859
7335584484
7337378890
7338123859
7342397452
7345825702
7350834546
7353471827
7353828390
7356250202
7370338452
7371321077
7373730140
7374688046
7374761046
7378164859
7378332609
7378488109
7378654609
7378759984
7378933640
7379046890
7379095171
7379162109
7379218234
7379488796
7379536015
7379554796
7379613859
7379714921
7379829734
7379856046
7379936796
7379951234
7380027390
7380177015
7380307921
7380429984
7380585702
7380648827
7380731265
7380847515
7380913765
7380967859
7381069984
7381098202
7381150296
7381213921
7381349171
7381364452
7381429796
7381665734
7381778015
7381989234
7382140140
7382189921
7382226234
7382243546
7382317546
7382410796
7382506765
7382607202
7382723202
7382802640
7382861609
7382948984
7383050734
7383076640
7383174546
7383313171
7383739359
7384118421
7384357327
7384537890
7384696859
7384860671
7384908077
7385157515
7385240921
7385445984
7385649671
7385732234
7385869921
7386037359
7386142484
7386281609
7386409046
7386589359
7386748577
7386831327
7386844140
7386987827
7387173140
7387335077
7387371796
7387548890
7387706609
7388096140
7388248546
7388399546
7388677734
7388783734
7389504609
7389732984
7390185390
7390573015
7391849077
7392554296
7392839921
7393203452
7393401984
7393504515
7393650546
7393711452
7393822515
7393981671
7394105952
7394366265
7396650796
7397289265
7397519827
7397811577
7398947765
7399233109
7399341640
7399423452
7399540952
7399583452
7399848452
7400048015
7400132640
7400182484
7400579327
7403171609
7403521296
7405905109
7407749702
7408656390
7409478202
7411809296
7412105077
7412130640
7412153327
7412282234
7412507515
7412865577
7413018484
7413410984
7413458327
7413596609
7413703640
7413735265
7413855390
7414067859
7414391296
7414599452
7414818921
7415629702
7416751265
7418887734
7423271421
7430518859
7431277921
7434459452
7435175734
7435216859
7435728077
7435736390
7435862484
7436176234
7436464390
7437731109
7443667796
7445588171
7449163359
7449222734
7451536484
7455998890
7456050859
7459122327
7461579640
7467596109
7468178827
7468293890
7468875077
7470668359
7472346827
7472895359
7472904015
7473904796
7478778859
7479185046
7479561109
7486999077
7487815921
7487946452
7489201265
7489636296
7492231296
7493239765
7493257421
7493280140
7494380827
7498781577
7505889015
7506560296
7507430577
7508729234
7509811640
7513524827
7515492765
7516669765
7520838234
7520847077
7522964827
7525880609
7526102640
7526191515
7529351546
7529361952
7531076609
7531510765
7534292859
7534370952
7535900390
7536634327
7537055077
7537952390
7538017265
7539201609
7542377234
7542868765
7546361984
7546959921
7547342109
7549765359
7551550265
7554128702
7557890546
7559608452
7563157015
7563174234
7563185265
7564316359
7564492234
7564733234
7566041765
7569979765
7571835921
7579339140
7580078827
7582440984
7582452577
7584104202
7588601827
7591736609
7594298671
7598470390
7602027265
7602715827
7603805296
7607455609
7611808890
7612995015
7613234234
7614041952
7631758359
7634115452
7634162609
7634860140
7635188984
7635195296
7635672890
7640515827
7641688015
7641745984
7642159984
7642595796
7643089140
7645658140
7647896390
7648753202
7650600359
7650661640
7651036452
7651522202
7651552046
