3408198484
3411723952
3438415952
3438853577
3439184546
3439351827
3440086796
3440227640
3440404046
3452879734
3475649702
3475740109
3476674952
3481974577
3485760921
3487852859
3488208515
3488399109
3488466202
3488751390
3488841890
3489390390
3493140577
3498322452
3498961390
3499054671
3499296359
3499630390
3499863859
3500283109
3500406171
3500496890
3500647484
3504021640
3514346546
3521348890
3521531484
3521805515
3524891609
3525246984
3525690171
3526221421
3526739734
3526835265
3527003109
3527361390
3527705171
3536176171
3541062671
3546579640
3547177202
3549946577
3552287171
3552443265
3552575077
3571634484
3571956171
3572899765
3574002546
3574345827
3574483859
3574633609
3574727296
3574781484
3574876859
3575214577
3575561046
3575889609
3576066046
3576142671
3576258077
3576316140
3576415702
3576466109
3576617296
3577869796
3578130734
3578242765
3578363671
3578386671
3578438265
3578621265
3578762640
3578833640
3583357859
3583515234
3583703796
3590005890
3590626171
3593991109
3594095734
3594210265
3594491171
3594722140
3594811046
3595053234
3595176077
3596166015
3596182421
3596429296
3596655234
3596866046
3596928515
3597019859
3597146390
3597264077
3597366515
3597567109
3599958109
3600385921
3600625234
3601040421
3601302952
3601527671
3601577952
3601697234
3601790859
3601936046
3602141046
3602255077
3602326890
3602428077
3602552359
3602696609
3602806077
3602965015
3603113859
3603239921
3603384515
3603469671
3603754984
3603898546
3604031765
3604109515
3604311359
3604444827
3604544452
3604657609
3604724734
3604800984
3604855671
3605039577
3605228109
3605358109
3605513765
3605629327
3605792859
3605884234
3606021234
3606097671
3607477265
3607770609
3609754952
3610040671
3610195765
3610287890
3610512796
3610619015
3611939046
3612709702
3614607734
3615188984
3615937796
3615998702
3616098515
3626812515
3653195859
3673726577
3676678046
3676759390
3676845827
3677309515
3677835515
3678351984
3681188796
3682406015
3682697577
3683023234
3692396452
3692539827
3692658546
3692781640
3692825890
3692887765
3693006484
3693289234
3693456640
3693612327
3693668577
3693839140
3695004921
3714018296
3718620390
3728876859
3731016327
3733631796
3734015765
3734172984
3744708077
3746321234
3746443265
3746536984
3747364296
3752170827
3752448609
3785311359
3792312859
3792426109
3794778265
3818719515
3826985109
3846105452
3849108140
3857878515
3873931327
3884796171
3894565359
3898807202
3906199265
3906805984
3910882984
3911518234
3912036359
3914537890
3921960015
3933600577
3935697140
3936581140
3938884140
3939108171
3939427546
3970609327
4014531515
4014847452
4015758359
4015860890
4016325734
4020894984
4021142327
4021370421
4021953109
4022713171
4027881609
4028683890
4040119890
4041189359
4041384171
4041446734
4042470015
4043469327
4043727515
4044214077
4044427140
4044578765
4044696015
4044827234
4044892421
4047221577
4047255921
4047328421
4047411577
4047763640
4047993265
4048129952
4051121921
4051508827
4058562359
4060721890
4060868827
4064425202
4066219765
4066694859
4067711859
4068370702
4068821265
4070414327
4070787671
4071126421
4071218390
4071290890
4073185577
4080201827
4081380984
4081466952
4081588796
4081765890
4081854171
4081950671
4082142171
4082325234
4082487327
4082669671
4082769077
4083219702
4083436546
4083576140
4083721390
4084424765
4084727015
4084897921
4085030921
4085124359
4085389359
4085576421
4085754859
4085852140
4087985796
4098493984
4098682827
4098759702
4098987015
4099080859
4099200140
4109199609
4112748327
4114024015
4118889671
4119142327
4153245859
4156902421
4172317984
4191654390
4191816140
4191845859
4195134640
4196106015
4197415796
4197439702
4198113890
4198446421
4202989077
4204194921
4204606421
4208651984
4210655359
4211262952
4211662234
4211678452
4211721609
4211894702
4213194702
4214308109
4219149265
4225983109
4226816765
4226891202
4227093515
4227287202
4228104796
4228233171
4228534827
4234196702
4238247484
4254432702
4256884859
4257494390
4257542452
4257683265
4257810984
4258417671
4261550765
4263139984
4264418640
4264721546
4267392421
4267727734
4267880015
4268592702
4268739515
4269353421
4270694421
4272049952
4272846171
4274964984
4275072359
4276162265
4276241952
4278262952
4279299327
4280624171
4281784109
4281901859
4283269234
4284481077
4284517890
4284784546
4284829515
4284878296
4284920765
4284933015
4284962671
4285031484
4285069952
4285092140
4285108484
4285120890
4285861890
4286926640
4295900421
4297455515
4297714109
4306238109
4308295265
4308543171
4308936702
4310411859
4313516015
4320675702
4321159859
4322373109
4322427202
4328091952
4328123202
4331597265
4331611140
4332770796
4333287796
4333448796
4334826921
4334850702
4335044452
4335196765
4336242796
4336252734
4336699234
4337121077
4337134515
4337142015
4337149765
4337157171
4337165671
4339553359
4340308577
4343983952
4344989921
4347510202
4348340421
4348426171
4349618827
4351906609
4353358609
4353611859
4353648202
4354400640
4354410546
4354418109
4354423390
4356576859
4357656546
4358730546
4361307952
4363521452
4364065952
4364094640
4365285390
4365444921
4369322640
4371150077
4371313827
4371334921
4372953577
4373672702
4374028827
4377058827
4377601546
4383135765
4383293359
4385400265
4386018952
4386542296
4386965140
4387094390
4387244452
4388167577
4395031827
4395050140
4395069827
4396055452
4396168765
4396893046
4400936234
4402289859
4402441952
4402562577
4402597546
4403623390
4403663140
4403751702
4404627140
4405160202
4407145796
4518501234
4520155890
4520328640
4545537359
4545732015
4545953265
4546012390
4546073077
4546250577
4546304359
4546467265
4546540140
4557678140
4557774796
4557913890
4557995577
4558057827
4558138765
4558285515
4558348077
4558427515
4558757890
4558876452
4558940984
4559023140
4559075140
4559144671
4559280421
4559333327
4559417265
4559556265
4559711890
4560001015
4560074390
4560174827
4560212765
4560263046
4561309015
4561685609
4562011234
4562194515
4562244234
4562343640
4562457984
4562502202
4562596609
4562678484
4562766077
4562877046
4562958327
4563025640
4563095140
4563181077
4563214609
4563398140
4563540327
4563638015
4563705515
4563874140
4563947734
4563969859
4563987827
4563997577
4564111015
4564155109
4564230890
4564267577
4564336827
4564385109
4564475984
4564537484
4564596327
4564783327
4564850140
4564935484
4565019452
4565088265
4565301890
4565415421
4566154890
4566240577
4569354046
4569515140
4574515734
4574833609
4575009202
4575722546
4578653390
4579170984
4579278702
4579340077
4579382421
4579495577
4579612171
4579677515
4579750202
4579806015
4579868359
4579902859
4579954452
4579987327
4580044077
4580095827
4580189327
4580245109
4582651046
4582774077
4583019859
4583208546
4583294827
4583542265
4583759702
4584005609
4584340234
4584777577
4585276015
4585894077
4585984859
4586282671
4586379202
4586467390
4586562046
4586761765
4588076452
4588582952
4588792359
4588887421
4589750921
4590364359
4590975234
4591033265
4591314640
4592063421
4592193984
4592350359
4592472702
4592584765
4592622327
4592658140
4592710640
4592803077
4592860234
4592893046
4592953796
4592995421
4593058046
4593093046
4593392671
4593496390
4593549140
4593651140
4593736952
4594104952
4594513421
4594696296
4597325202
4598412296
4598616484
4598693984
4598765734
4598818702
4598848265
4598870327
4598990515
4606195390
4606329359
4606363109
4607240890
4608767046
4609156296
4609686046
4609856671
4609981702
4610099640
4610181827
4610425546
4610492265
4610514390
4610576296
4610624421
4610742734
4610817640
4611140296
4611298577
4611325234
4611466546
4611534702
4611622515
4611698421
4611781359
4611838077
4611964234
4612042952
4612085827
4612266234
4613045859
4613140921
4613194984
4613340890
4613720671
4613795859
4614366359
4614861234
4614916734
4615026452
4615392234
4615513921
4615616515
4616601484
4616733765
4616839140
4616873359
4616923015
4616964046
4617092109
4617143327
4617195452
4617230077
4617278796
4617562640
4617622515
4617721359
4617763015
4617909077
4619785202
4619866234
4620002265
4620134984
4620241952
4620369234
4626182921
4626375515
4626534515
4626641671
4626834327
4628302609
4628391702
4628505765
4628553515
4628644140
4628713327
4628788234
4628853952
4628935702
4629034577
4629158234
4629455296
4629570109
4629684546
4630050702
4630121109
4630275484
4630596577
4630824452
4631102359
4631253015
4631367546
4633026515
4633111046
4633168202
4633276671
4633321890
4633381734
4633435515
4633469140
4633523890
4633615327
4633707265
4633774765
4633830984
4633906609
4633971327
4634050577
4634083171
4634136702
4634208265
4634356921
4634746984
4634859421
4634916140
4634970265
4635001515
4635051390
4635087327
4635109859
4635138921
4635168984
4635201202
4635227859
4635264359
4635291796
4635342202
4635355734
4635371577
4635391515
4635434796
4635464515
4635473640
4635488484
4635494327
4635510452
4635524890
4635532140
4635537577
4635551234
4635557577
4635574265
4635630015
4635654171
4635691546
4635769859
4635800015
4635818109
4635868984
4635897921
4635969452
4636000046
4636078577
4636153921
4636181109
4636202827
4636261765
4636310827
4636413609
4636783734
4636819984
4636938640
4637033546
4637183109
4637259952
4637352359
4637896171
4638119734
4638254109
4638727327
4639264890
4639500702
4639628640
4639912015
4640021109
4640078140
4640191671
4640736265
4640842296
4641068609
4641652952
4642842484
4643305296
4643392015
4643455671
4643579796
4643709577
4644348171
4644718515
4647903765
4648007390
4648094140
4648350015
4648641984
4648789046
4648834359
4648953671
4648986015
4649041171
4649082702
4649177609
4649373859
4649466390
4649819640
4650001765
4650539109
4650676296
4650823202
4650923421
4651087577
4651565109
4651736202
4651896609
4652038421
4652439140
4652547015
4652751921
4654521327
4654734765
4654828077
4654875421
4654913484
4655014202
4655094796
4655180765
4655241609
4655300359
4655358015
4655415359
4655490765
4655541702
4655586952
4655637765
4655710140
4655787077
4655844421
4655951484
4656266859
4657518984
4657608734
4657712077
4657782765
4657975140
4658034577
4658126796
4658201171
4658252046
4658387265
4658501921
4658773984
4659975515
4661297046
4661353296
4661389327
4661446015
4661508140
4661566484
4661624921
4661667015
4661725109
4662060140
4662171484
4662849296
4662937796
4662968796
4663178640
4663309265
4663367827
4663571515
4663676671
4664006546
4664098546
4664760609
4664903765
4664995577
4665047077
4665121671
4665207984
4665845202
4667096015
4668198202
4668312015
4668495359
4668960952
4668987359
4669716327
4671447265
4672966890
4673644046
4673748296
4673836765
4673899515
4673944296
4674020109
4674071827
4674118015
4674161359
4674212515
4674236546
4674295202
4674353265
4674425234
4674482515
4674596796
4674637515
4674780702
4674899015
4675065796
4675799890
4675865515
4676017171
4676063827
4676131702
4676190827
4676218234
4676278484
4676304077
4676342015
4676365484
4676389890
4676443702
4676474140
4676503890
4676533390
4676557202
4676567952
4676614921
4676640577
4676649015
4676670859
4676704171
4676752327
4676785765
4676848921
4676938484
4676944796
4677072546
4677117765
4677177546
4677197046
4677348984
4677482765
4677589827
4677705077
4677740234
4677789577
4677880734
4678017515
4678072202
4678161359
4678234702
4678315077
4678405296
4678469171
4678573234
4678629827
4678736890
4678867390
4678977859
4679113359
4679163452
4679254015
4679314234
4679358546
4679379015
4679430171
4679519046
4679669109
4679789765
4679834921
4679962171
4680085359
4680180796
4680244921
4680413077
4680652734
4680730734
4680815421
4680874546
4680925671
4681014734
4681108234
4681139796
4681239327
4681430671
4681543077
4681674265
4681790515
4681870827
4681960796
4682018484
4682076859
4682198984
4682242702
4682406421
4682589327
4682756515
4682908702
4683031327
4683294109
4684010296
4684184702
4684273671
4684359859
4684460671
4684572234
4684616265
4684723546
4684824577
4684908421
4685005859
4685081671
4685102765
4685193421
4685285296
4685389984
4685451984
4685486921
4685552546
4685608702
4685689265
4685781515
4685824327
4685896202
4685976015
4686057702
4686077202
4686112452
4686156921
4686228796
4686279140
4686409046
4686537046
4686715859
4686833015
4686955859
4687174046
4687291265
4687383671
4687993327
4688072702
4688780702
4688934390
4689054046
4689202702
4689290671
4689414077
4689792609
4689850171
4689935327
4689973921
4690085140
4691401171
4691871015
4691940015
4693350046
4693884921
4693898077
4693937234
4694109984
4694177421
4694607609
4695233952
4695631734
4696851859
4697084452
4697384734
4697573046
4697705077
4697874952
4698100546
4698238546
4698503640
4700167359
4700346140
4700436484
4700593734
4700717702
4700797827
4700913952
4700969640
4701020734
4701058827
4701132952
4701187515
4702970452
4703101077
4704499484
4704565702
4705051202
4705156734
4705263577
4705335140
4705572827
4705948171
4706081796
4706130202
4706208109
4706294421
4706458046
4706578952
4706981952
4707049765
4707204640
4707539921
4707598234
4707784077
4707820171
4707832265
4707925921
4708311640
4708456702
4708556452
4708618827
4708727984
4708865921
4708895202
4708969140
4709059077
4709372265
4709554515
4709776765
4709814702
4710921015
4714889890
4714976265
4715020984
4715069015
4715134859
4715148734
4715173109
4715203765
4715248671
4715294734
4715381171
4715410827
4715514702
4715572046
4715677265
4715759484
4715814077
4715883671
4715945234
4716067640
4716378984
4716488515
4716563234
4716664265
4716741890
4716883921
4717022327
4717185265
4717237515
4717325984
4717408546
4717546921
4717610671
4717710671
4717818702
4717885140
4717973640
4718106140
4718180171
4718392296
4718498515
4718593077
4718640452
4718738609
4718917921
4719017671
4719212859
4719295109
4719371421
4719425171
4719558640
4719669046
4720407234
4720663515
4720710202
4720819890
4720904327
4721036796
4721165390
4721293140
4721370202
4721579577
4721735015
4721824046
4722010421
4722155702
4722229702
4722395234
4722540671
4722670734
4722735859
4722815671
4722916171
4723037796
4723146296
4723232671
4723334234
4723459265
4723545421
4723651921
4723721109
4723818015
4723875796
4723925234
4723993921
4724041921
4724092827
4724131140
4724160484
4724195859
4724222171
4724285390
4724624296
4724901171
4729897546
4730053671
4730155734
4730337515
4730488952
4731445484
4732342109
4732654171
4732778452
4732836890
4733012827
4733887671
4733984390
4734030484
4734042390
4734056202
4734098827
4734138171
4734189077
4734239452
4734276702
4734335890
4734408702
4734474702
4734606609
4734684765
4734811046
4734956265
4735042921
4735080796
4735132077
4735181671
4735281015
4735316921
4735371296
4735424890
4735505827
4735587234
4735757765
4735963796
4736069609
4736133546
4736374390
4736447577
4736510327
4736557359
4736620765
4736717671
4736744109
4736862359
4736915452
4737024921
4737098046
4737137609
4737231077
4737311640
4737557671
4737617952
4737754327
4737895952
4738935577
4739097921
4739353046
4739559484
4739644546
4739722640
4739744296
4739774265
4739833671
4739894452
4739932640
4740039421
4740106359
4740170577
4740236484
4740304796
4740359765
4740431046
4740596390
4740659171
4740773890
4740860984
4740963359
4741034484
4741168577
4741241702
4741350265
4741445140
4741521109
4741601265
4741754952
4741863359
4742064796
4742225640
4742334796
4742443296
4742500984
4742704109
4742812171
4743605140
4743695359
4743824109
4743883421
4743965577
4744049515
4744107765
4744216796
4744264109
4744534452
4744580577
4744781046
4744949577
4745401921
4745565234
4746849546
4749299046
4751088890
4751158984
4751281577
4751353421
4751435765
4751510234
4751614859
4751686734
4751746577
4751773234
4754140421
4754283515
4754336827
4754382546
4754547921
4754608921
4754732296
4754834484
4754961109
4758123640
4758231171
4758364327
4758653421
4758786077
4759271484
4759310702
4759421265
4759482859
4759683609
4759847046
4770885202
4770959859
4771087046
4771236327
4771637015
4771824452
4772033234
4772123890
4772241234
4772361171
4772443484
4772778140
4773005577
4773222015
4773365359
4774373827
4774474077
4774616827
4774947577
4775145421
4775238296
4775342577
4775402984
4775418984
4775516265
4775559015
4775582702
4775621765
4775705359
4775748827
4775798827
4775832202
4775934265
4776027702
4776093109
4776215359
4776288640
4776331077
4776376015
4776601140
4777113234
4777250109
4777282234
4777302984
4777365952
4777432515
4777479421
4777524921
4777577702
4777667671
4777736734
4777744452
4777764015
4777773296
4777816984
4777906109
4777999327
4778053671
4778139859
4778170171
4778189577
4778286921
4778381859
4778618359
4778687640
4778988421
4779146859
4779271452
4779373265
4779684702
4779779296
4779883202
4779962546
4780021171
4780124202
4780242265
4780293171
4780325734
4780402859
4780470765
4780530046
4780587390
4780649359
4780731171
4780812359
4780841984
4780916671
4781164609
4781224984
4781284796
4781350265
4781645171
4781806640
4782206952
4782486702
4782761421
4782942796
4783030015
4783101515
4783156234
4783223359
4783265890
4783371734
4783451234
4783515577
4783575484
4783602421
4783663390
4783753577
4783792952
4783850546
4783894109
4783975640
4784106640
4784287890
4784595484
4784682234
4784742296
4784791077
4784952702
4785046234
4785133265
4785207109
4785239609
4785296765
4785356109
4785402796
4785547484
4785637202
4785792984
4785932577
4786030234
4786081859
4786173859
4786261421
4786618327
4787045577
4787174296
4787685015
4787926140
4788005077
4788086327
4788143952
4788245202
4788268359
4788307077
4788385890
4788537109
4788623234
4788836765
4788900984
4788988609
4789061827
4789195421
4789316015
4789410140
4789476390
4789549890
4789613359
4789751390
4789801765
4789860421
4790210609
4790350859
4790398890
4790602984
4790730671
4790871171
4791858046
4791917015
4791947046
4791997577
4792013265
4792089577
4792106827
4792154952
4792220296
4792269515
4792326609
4792370640
4792422234
4792535640
4792672234
4792881515
4792983077
4793059234
4793150734
4793404046
4794279390
4794344202
4794453265
4794618921
4794770984
4794892015
4795230921
4796312859
4797503734
4797610077
4797943577
4798164109
4798706140
4800527796
4800787609
4801010077
4801126327
4801242734
4801413577
4802271452
4802521921
4802581952
4803154984
4804455640
4804894827
4805201140
4805586484
4806057421
4806172890
4806280265
4806351359
4806399827
4806471140
4806774109
4806916546
4807312077
4807526640
4807706827
4807816296
4807853640
4807961671
4809720577
4810261609
4811025015
4814617671
4815329859
4815410859
4816076359
4816589921
4816831609
4817387546
4817544609
4817769452
4827562390
4827761827
4828863859
4828911734
4828966296
4829210796
4829311234
4829394140
4829535234
4829616546
4830040359
4830194234
4830307390
4830409609
4830503796
4830710484
4831298202
4833333390
4834330734
4834443265
4834510952
4834587390
4834664265
4834747327
4834844952
4835368859
4836368546
4836581046
4836738390
4837027859
4837170640
4837364796
4837695546
4837767077
4837869702
4838884702
4838984171
4839052984
4839169327
4839249546
4839342202
4839429421
4839510515
4839560359
4839600140
4839681546
4839737359
4839767859
4839818390
4839865390
4839900452
4839922640
4839965952
4840010140
4840032609
4840054765
4840134296
4840173077
4840230390
4840319046
4840406734
4840476452
4840581202
4840734046
4840814546
4840940921
4841125577
4841178015
4841581484
4841709484
4841880077
4842043421
4842189296
4842286390
4842411859
4842508296
4842603484
4842724265
4842788327
4843057359
4843169202
4843240890
4843369077
4843428015
4843554952
4843618890
4843687827
4843874015
4843921671
4844065452
4844191109
4847030796
4847167015
4847359984
4847483515
4847609171
4848241515
4848387640
4848462265
4848502546
4848592640
4848638046
4848708702
4848826671
4848881577
4849011359
4849190984
4849437515
4849627046
4849815140
4849884015
4850213859
4850286952
4850400452
4850469140
4850529359
4850596921
4850628702
4850684671
4850764077
4850901327
4850979640
4851077609
4851179171
4851314015
4851811671
4851863765
4851928421
4852184265
4852317859
4852371171
4852495952
4852641546
4852822296
4852854140
4852916890
4852939484
4852999452
4853066577
4853132765
4853202859
4853292234
4853386109
4853406734
4853470265
4853506046
4853532452
4853602952
4853698859
4855478452
4860988202
4861059202
4861123109
4861234702
4861308171
4861384640
4861425859
4861569796
4861623609
4861792796
4861866359
4861953359
4862443734
4862671390
4863572484
4863741859
4863918671
4864094202
4864194327
4864527890
4864661952
4864883171
4865250827
4865784734
4866394984
4866517359
4866580421
4866673702
4866889327
4866993077
4867055109
4867183390
4867259546
4867353234
4867481202
4867591265
4868573640
4868694202
4868774202
4869096359
4869229609
4869432327
4869587296
4870755796
4870868702
4873395921
4873453702
4873552640
4873681890
4873823734
4873864734
4873931890
4874026171
4874112109
4874283109
4874593890
4874623640
4875650546
4876063077
4876270827
4876412390
4876548859
4877384890
4877553640
4877994171
4878072421
4878119952
4878163390
4878269359
4878391640
4878454327
4878524452
4878620109
4878700577
4878740234
4878836202
4878943515
4879059234
4879357921
4879903296
4880026796
4880085077
4880120984
4880150327
4880192921
4880243984
4880300890
4880335327
4880346327
4880363171
4880372827
4880428734
4880483984
4880549421
4880598140
4880650609
4880699796
4880719390
4880824234
4880854202
4880917765
4880966484
4881009077
4881036577
4881077827
4881132296
4881192577
4881268796
4881302921
4881373671
4881405984
4881422859
4881473859
4881487952
4881501515
4881552734
4881598546
4881627515
4881650640
4881776921
4881826109
4881945077
4881977765
4882025546
4882087265
4882141421
4882174577
4882208921
4882245421
4882266702
4882305921
4882352234
4882383952
4882419515
4882446015
4882501077
4882531390
4882544952
4882585515
4882625890
4882654452
4882663921
4882709859
4882746077
4882800046
4882826171
4882853390
4882895265
4882912640
4882928984
4882974202
4882999702
4883092390
4883118109
4883167077
4883253734
4883277296
4883306640
4883330765
4883407109
4883462859
4883482765
4883505734
4883524234
4883532546
4883545234
4883575171
4883616015
4883627734
4883678734
4883711359
4883743984
4883787890
4883805640
4883853484
4883882952
4883947702
4884001734
4884048484
4884121202
4884141984
4884193984
4884233796
4884270921
4884299921
4884325077
4884373421
4884425327
4884471609
4884534140
4884580202
4884639109
4884700140
4884761577
4884833734
4884944515
4885042265
4885100859
4885139296
4885160265
4885237827
4885354702
4885427890
4885494421
4885556015
4885641921
4885760921
4885812952
4885853390
4885876827
4885915359
4885966077
4885990421
4886005515
4886043140
4886089921
4886119202
4886186046
4886232359
4886263484
4886323890
4886369015
4886395077
4886421109
4886483109
4886563421
4886611171
4886691609
4886721702
4886757015
4886775827
4886833452
4886877515
4886926046
4886958921
4887005327
4887043671
4887252796
4887418734
4887534546
4887601859
4887643984
4887755765
4887781671
4887882577
4888033046
4888269827
4888327109
4888541515
4888622890
4888664765
4888708234
4888786327
4888819515
4888851484
4888931046
4888982609
4889015140
4889059046
4889069796
4889137421
4889176327
4889254890
4889318796
4889362140
4889384671
4889440890
4889456734
4889500171
4889544765
4889579515
4889618796
4889722546
4889759046
4889836702
4889900234
4889969671
4889990202
4890022984
4890083765
4890158077
4890229452
4890311390
4890396577
4890485359
4890555077
4890629702
4890676640
4890767640
4890877515
4891089077
4891389921
4891453015
4891529796
4891568046
4891659890
4891714421
4891802734
4891891077
4891942452
4891999390
4892074452
4892160046
4892262796
4892372359
4892427077
4892481702
4892533046
4892576640
4892618640
4892682921
4892719327
4892803046
4892834515
4892909640
4893091796
4893143796
4893192109
4893302265
4893348265
4893423202
4893479671
4893580015
4893637265
4893826077
4893933015
4894222546
4894412640
4894468296
4894574765
4894656702
4894841984
4894949265
4895024734
4895095609
4895167359
4895236327
4895292015
4895339921
4895372390
4895474734
4895514671
4895568702
4895637077
4895702609
4895760077
4895840109
4895901015
4896014390
4896158296
4896219077
4896256484
4896275765
4896371546
4896472452
4896703296
4896980702
4897081077
4897439734
4897874296
4897941890
4898017171
4898168234
4898251484
4898374327
4898435390
4898958202
4899215796
4899306921
4899397984
4899623577
4899811859
4900204702
4900342077
4900405296
4900654952
4900839984
4914463327
4914537890
4915517984
4915733546
4915809765
4915831734
4915915577
4915960609
4916017921
4916112046
4916134359
4916214390
4916283421
4916424577
4916546515
4916615452
4916737952
4917140296
4917441859
4917580827
4918500859
4919096296
4921356515
4921432296
4922200546
4922553452
4922667609
4922799140
4923406702
4927420671
4927578796
4928520015
4930545265
4930766327
4930930890
4931455952
4931823890
4931928609
4932045702
4932121202
4932211202
4932382421
4932463484
4932568702
4932634765
4932784140
4932868515
4932929859
4933274515
4933330265
4933401296
4933588202
4933666609
4933776421
4933828515
4933885702
4933974921
4934054390
4934101327
4934206484
4934255390
4934489484
4934564265
4934713202
4934810609
4935084796
4935152609
4935212765
4935295484
4935474140
4935528484
4935574921
4935640515
4935827859
4935951452
4936109109
4936178421
4936452734
4936549390
4936616765
4948324984
4948377640
4948462984
4948557890
4948654484
4948743265
4948802827
4949208609
4949316796
4952136515
4952191734
4952252234
4952308015
4952396359
4952470765
4952522171
4952669390
4952704859
4952783046
4952818015
4953008702
4955486702
4955733171
4955789327
4955890546
4956030234
4956155359
4956390390
4956553234
4956643484
4957219327
4957276984
4957362109
4957484921
4957578796
4957726327
4957794671
4957835765
4957979296
4958032952
4958057015
4958126984
4958208421
4958264484
4958350202
4958636671
4958787484
4958838296
4958923140
4959838765
4960184452
4960304234
4960377390
4960539327
4960610171
4960680827
4960756952
4960834327
4960871359
4961014202
4961106577
4961156952
4961204202
4961354327
4962008952
4962651109
4962938171
4963291452
4963367015
4963410390
4963463202
4963510921
4963524640
4963691734
4963782390
4963955015
4964063015
4964644796
4964896640
4965010640
4965092234
4965291765
4965609609
4965766140
4965887515
4965994984
4966098171
4966253577
4966402609
4966592140
4966636952
4967410859
4967581890
4967663515
4967753765
4967832452
4967861921
4967909702
4968028546
4968102390
4968152015
4968257359
4968393796
4969147890
4969433296
4969545296
4969693734
4969836234
4969892421
4969982421
4970221890
4970664046
4973424296
4974239452
4974319921
4974464327
4974622234
4974752546
4975645577
4975704234
4975857109
4975975859
4976090234
4979551546
4979664796
4979753734
4979836640
4979889109
4979926421
4980024890
4980090796
4980128546
4980186265
4980240359
4980430546
4980713921
4981071890
4981179296
4981317640
4981398046
4981817109
4981920140
4981987171
4982086265
4982156390
4982205421
4982224765
4982309827
4982354640
4982444952
4982901952
4982929296
4984361984
4985960046
4986324296
4986376359
4986462109
4986647577
4986784734
4986896359
4987007765
4987183452
4989595046
4989770421
4989852546
4991451609
4999223577
4999459546
4999539327
4999628390
4999691327
4999755046
4999910452
5000000921
5001093077
5001178140
5001335109
5001503640
5001682671
5001797234
5001860702
5002087765
5002237484
5002345984
5003445015
5004021640
5005003952
5005087796
5005164015
5005238234
5005314827
5005377296
5005419077
5005498234
5005525921
5005572046
5005649327
5005736140
5005786046
5005831952
5006045546
5006116702
5006308171
5006391421
5006545577
5006611702
5007067421
5007118984
5007219359
5007298015
5007396077
5007427484
5007484421
5007513359
5007553577
5007583890
5007643859
5007659234
5007698296
5007743327
5007816671
5007902640
5007949109
5008027859
5008057609
5008132734
5008171609
5008241484
5008264484
5008314484
5008398546
5008446952
5008504515
5008542952
5008573202
5008636046
5008683265
5008759327
5008812171
5008856015
5008916671
5008936577
5008950421
5009004827
5009038171
5009079140
5009106827
5009167702
5009254484
5009317234
5009358796
5009414046
5009449952
5009585859
5009623359
5009672452
5009693077
5009714296
5009748609
5009777765
5009832734
5009893515
5009929140
5009965921
5010001609
5010017984
5010132827
5010187140
5010364171
5010426015
5010465827
5010494640
5010539577
5010655452
5010761796
5010846109
5010911327
5010997421
5011069702
5011092921
5011138734
5011180734
5011198202
5011276202
5011337171
5011400171
5011461484
5011549734
5011588577
5011623421
5011641515
5011692390
5011744546
5011787546
5011846796
5011872984
5011920015
5011968796
5012004671
5012022765
5012154921
5012223671
5012274046
5012355671
5012387890
5012428234
5012559234
5012657265
5012717077
5013875796
5013949640
5014067109
5014279234
5014323827
5014656765
5014766421
5014846640
5014964546
5015082609
5015175046
5015311734
5015434765
5015598577
5015706859
5015836890
5015895796
5015975077
5016131234
5016392952
5016433921
5016494452
5016582046
5017288359
5017374015
5017498702
5017593671
5017670484
5017774827
5017831702
5017899265
5017964202
5018098171
5018338546
5018428921
5018591077
5018710265
5018870171
5019211859
5019431609
5019568265
5019719890
5019838859
5019964859
5020079296
5020183390
5020269765
5020488296
5020608734
5020710234
5020764577
5020802609
5020894921
5020927921
5021051452
5021118765
5021195952
5021764609
5021861952
5024010671
5024149077
5025456140
5025566171
5027001265
5027941515
5027975952
5028086015
5028298359
5028602796
5029164577
5029382452
5029684859
5029960452
5030203390
5030279984
5030358546
5030506827
5030594296
5030774859
5030850671
5035998765
5038072890
5038142484
5038834546
5038896202
5038946765
5039020984
5039124952
5039222515
5039289640
5040743202
5041137984
5041389702
5041473921
5041535452
5041931609
5042025359
5042146952
5042275140
5042381421
5042544984
5042623327
5042668671
5042760546
5042882390
5043024452
5043467734
5043552640
5043979421
5048980202
5055342859
5062750952
5062851609
5062991890
5063052577
5063099296
5063154734
5063239077
5063308702
5063396390
5063480234
5063565109
5063631515
5063813140
5064001640
5064027202
5064066077
5064474921
5064572171
5064672827
5064698890
5064820046
5064897546
5064961702
5065011359
5065149671
5065259827
5065559859
5065680640
5065997515
5066165577
5066265859
5066364171
5066509609
5066674952
5066809327
5066925109
5067166671
5067281015
5067352921
5067430734
5068935296
5069209734
5069326765
5069501296
5069736640
5069844671
5069920202
5069979671
5070073421
5070192671
5070258796
5070341577
5070457984
5070535515
5070611140
5070770171
5070804109
5070891077
5070914421
5071078327
5071165015
5071896609
5071962390
5073008796
5073084015
5073234421
5073384796
5073447327
5074811296
5079078577
5079145671
5079183921
5079259702
5079328265
5079410359
5079452952
5079567952
5079685296
5079793577
5079945609
5081159140
5081218296
5081286827
5081325859
5081395984
5081429765
5081449609
5081518921
5081548046
5081601609
5081658140
5081750765
5081803327
5081877265
5081907390
5081967296
5082008734
5082015984
5082021952
5082027734
5082071202
5082095952
5082162452
5082233109
5082294734
5082323265
5082372952
5082446327
5082603546
5082643734
5083003452
5083275390
5083320546
5083387577
5083520702
5083622421
5084083546
5084203109
5084342359
5084422577
5084893015
5085163359
5085258046
5085439577
5085684046
5085847671
5086203015
5086293390
5086371515
5086449327
5086507046
5086607609
5086993171
5087131327
5087260359
5087331171
5087365859
5087420202
5087503109
5087568359
5087599421
5087688890
5087730546
5087826421
5088025546
5088315327
5088403609
5088534077
5088600702
5088676577
5088703109
5088758171
5088782484
5088917609
5089020734
5089114796
5089201546
5089262671
5089318859
5089374702
5089467609
5089620296
5089732077
5089769077
5089826202
5089893046
5090388671
5090802452
5090913640
5091048015
5091516984
5094941109
5095025671
5095119984
5095287515
5095498015
5095583890
5095705015
5095763109
5095835140
5095917827
5095992577
5096078515
5096440640
5096884234
5097013296
5097226140
5097273765
5097363890
5097441421
5097600077
5097837109
5097940609
5098047109
5098164640
5098449734
5098778202
5100095421
5100534234
5100675702
5100800109
5100932359
5101263327
5101545796
5104967952
5105046046
5105425827
5106210484
5106587859
5106983234
5107976984
5108109765
5108330765
5113550234
5114036109
5114269202
5114361609
5114529890
5114586202
5114665452
5114774671
5114864421
5114960796
5115079171
5115144515
5115270921
5115996671
5116395046
5116676640
5116709140
5116782952
5116864046
5116910484
5116953140
5117057421
5117195046
5117268796
5117359765
5118516702
5118572359
5120171671
5120440577
5120896609
5121054984
5122107827
5122206515
5123315515
5123415734
5123489734
5123594140
5123653984
5123694234
5123838296
5123893077
5123910890
5123980359
5124251077
5124373234
5124781202
5124854265
5125087484
5125203796
5125253984
5125338265
5125378265
5125438296
5125495171
5125664421
5125721515
5125743484
5125759421
5125787234
5125849234
5125882859
5125936515
5125971921
5126006671
5126035702
5126072452
5126160796
5126184015
5126442452
5126456765
5126497390
5126554952
5126582046
5126603609
5126617890
5126714609
5126752390
5126815390
5127238484
5127412234
5127476234
5127585390
5127649890
5127714484
5127756859
5127803265
5127846484
5127918015
5128017577
5128303796
5128381984
5128462546
5128584109
5128656546
5128689546
5129087015
5129301765
5129405359
5129567452
5129674234
5129824984
5129942890
5130089827
5130168296
5130245952
5130327421
5130440171
5130575609
5130744202
5130841921
5130937859
5131092140
5131209640
5131381702
5131558921
5131877359
5131980484
5132032640
5132101921
5132244390
5132786702
5133127546
5133280796
5133601046
5133702796
5133813984
5133929515
5134069296
5134160640
5134559546
5134643015
5135880140
5136002046
5137099702
5137184921
5137264827
5137387484
5137444234
5137517327
5137570765
5137640390
5137750327
5137903702
5138000202
5138125327
5138245702
5138305890
5138446234
5138617390
5138785171
5138903796
5138979046
5139382702
5140108827
5140150484
5140179140
5140256827
5140368765
5141194702
5141573202
5141725827
5141783921
5142038859
5142203484
5142398452
5142550702
5142752546
5142861984
5146262421
5147507577
5151833577
5151951234
5152067265
5152237171
5156436390
5156685077
5156846640
5156959765
5157163765
5157276327
5157509640
5157663546
5157752452
5159938452
5160766702
5166143327
5166242921
5166981671
5167141859
5167704296
5168624265
5168885109
5169060765
5169138202
5169460202
5169582265
5169695859
5169893827
5170273952
5170443109
5170479890
5170603327
5170637171
5170715890
5170775359
5170849984
5170949077
5171048327
5171310265
5171371421
5171591671
5171844390
5172187202
5172328359
5172457859
5172577484
5172679109
5172745859
5173080796
5173212296
5173319827
5173453702
5173555421
5173652077
5173731140
5173965015
5174057171
5174136171
5174233202
5174279890
5174364609
5174449077
5174565796
5174736327
5174804640
5174932577
5175000390
5175071327
5175129265
5175180702
5175239202
5175450077
5175979265
5176038202
5176090327
5176277702
5176358796
5176514640
5176552140
5176663952
5176877171
5176965952
5177081390
5177635171
5177700421
5177740546
5177810609
5177866734
5177910515
5177985734
5178037046
5178212296
5178440796
5178750077
5179211265
5179328859
5179454140
5179571859
5179762952
5179880046
5180303577
5180390515
5180472327
5180538234
5180732796
5180787077
5180890484
5180972671
5181067452
5181276671
5181328921
5181444515
5181612484
5181696202
5181769327
5182876640
5182930765
5183007296
5183354515
5183984546
5184147796
5184275077
5184650515
5185335890
5185456796
5185532515
5185608702
5185686171
5185781296
5185915796
5185958827
5186048984
5186093734
5186216359
5186552609
5186735140
5187368796
5187868859
5187967671
5188082577
5188188515
5188275359
5188474077
5189005327
5189124327
5189183109
5189730327
5189976296
5190080546
5190880421
5190944827
5191042015
5191220484
5191726577
5193486390
5193576640
5193656765
5193760484
5193878046
5193910765
5193977609
5194875577
5196057077
5196238734
5196774577
5196815077
5196891859
5196945171
5197006140
5197059827
5197103327
5197134702
5197175359
5197239421
5197283265
5197324359
5197348921
5197409296
5197452015
5197491296
5197577015
5197636515
5197702796
5197724015
5197764765
5197819515
5197846296
5197893734
5197936671
5197995109
5198044015
5198067796
5198105609
5198129452
5198188327
5198258484
5198325515
5198364577
5198414577
5198479390
5198503265
5198561202
5198702796
5198797452
5198869452
5198913796
5198961546
5199022046
5199038359
5199119515
5199160640
5199253921
5199302015
5199430796
5199500609
5199598796
5199642515
5199667890
5199689796
5199736390
5199789109
5199815077
5199890577
5199921202
5200024077
5200037734
5200125765
5200382171
5200513640
5200628077
5200741546
5200862015
5201185046
5201292577
5201533140
5201826671
5201980577
5202027765
5202377859
5202496452
5202602890
5202657109
5202793734
5203123046
5203406640
5203651015
5205395140
5205481546
5205639671
5205722140
5205793671
5206040015
5206203859
5207144796
5207460577
5207576827
5210231796
5210488577
5210661484
5210904140
5210947734
5211114390
5211280609
5211397265
5211438265
5211495671
5211553765
5211589359
5211830765
5212281202
5212490390
5212526859
5212636390
5212976265
5213110359
5213197202
5213292077
5213359952
5213648390
5213735765
5213973952
5214166827
5214553640
5214646327
5214710734
5214779702
5214814921
5214878796
5214909609
5214943546
5215034452
5215095390
5215156640
5215182452
5215216734
5215254640
5215269265
5215314202
5215351234
5215387265
5215413452
5215446452
5215487921
5215528140
5215555140
5215585077
5215645077
5215699046
5215721765
5215791421
5215887046
5215959390
5216096984
5216249015
5216405421
5216531296
5216617140
5216658734
5216686890
5216746921
5216805140
5216878952
5216951265
5217093390
5217275015
5217915452
5218292390
5225037077
5225128609
5225236859
5225504265
5225824359
5225971234
5226235077
5226381484
5227191859
5227850921
5229238421
5229475452
5229815421
5229923015
5230010952
5230083671
5230244046
5230415202
5230701140
5231816359
5232166827
5232402202
5234060609
5234328890
5234428952
5234465609
5234717484
5239261421
5239508359
5240598702
5240648859
5240685359
5240760984
5240816359
5240839515
5240869484
5240943765
5240974390
5241035577
5241068234
5241119452
5241186921
5241202390
5241227234
5241263327
5241305952
5241382421
5241410609
5241423640
5241467734
5241541359
5241597234
5241612577
5241632952
5241679859
5241694046
5241723234
5241739390
5241793921
5241832859
5241870734
5241893171
5241939765
5241957827
5242016734
5242073515
5242079109
5242121734
5242189234
5242244546
5242301765
5242333671
5242367702
5242461734
5242537984
5242604765
5242638796
5242670952
5242737171
5242826171
5243094171
5246733452
5247597609
5247695452
5247781546
5247868015
5248158390
5248259390
5248346859
5248418859
5248504640
5248565734
5248623452
5248696327
5248736796
5248847577
5248922921
5248938140
5248988327
5249077265
5249216609
5249302484
5249500077
5249771171
5249818890
5249829234
5249860359
5249890046
5249920109
5249958109
5249973859
5250028171
5250055546
5250101734
5250124515
5250162390
5250200327
5250237046
5250289296
5250331109
5250435640
5250498671
5250591671
5250640171
5250717140
5250843390
5250871546
5250936296
5250971765
5251007359
5251064015
5251119859
5251181296
5251222952
5251297827
5251350859
5251445046
5251507577
5251581390
5251648546
5251684327
5251734890
5251771546
5251820952
5251850015
5251888359
5251936265
5251967515
5251998734
5252029140
5252094827
5252130890
5252173015
5252217702
5252300921
5252421484
5252521327
5252632859
5252792171
5253358890
5253438046
5253528640
5253618234
5253632640
5253849359
5254087390
5254154796
5254185890
5254336265
5254422327
5254477484
5254526327
5254570234
5254689515
5254726765
5254833140
5254895421
5255013046
5255085077
5255158609
5255360140
5255437765
5255482390
5255587140
5255653921
5256028609
5256231484
5256308515
5256376984
5256501952
5256587577
5256637327
5256758046
5257123984
5258425202
5258551640
5258612921
5258712484
5258847452
5258969046
5259797484
5260220296
5260332859
5260952609
5261056890
5261128515
5261191077
5261302421
5261504484
5261671265
5261717859
5261787952
5261923609
5262008671
5262051640
5262137577
5262177421
5262203390
5262385859
5262937171
5263041421
5263265671
5263398546
5263501046
5263679077
5263774202
5263883577
5264039859
5264088859
5264194452
5264278734
5264354452
5264391452
5264524296
5264629577
5264787515
5264957265
5265044890
5265251109
5265536796
5265815265
5265926765
5266082359
5266185921
5266319265
5266526234
5266728327
5266797484
5266917734
5275552327
5275651796
5275766202
5275836734
5276407421
5276508515
5276565984
5276683859
5276913109
5277075890
5277189827
5277366234
5280955234
5281073921
5282219515
5282322359
5282660046
5282721109
5282871984
5283091609
5283176546
5283236234
5283303984
5283396640
5283437890
5283481984
5283556609
5283843859
5283921765
5284159577
5284251452
5284461327
5284543421
5284663265
5284840609
5285069515
5285298890
5285932890
5289671327
5289774702
5289902202
5290318984
5290487796
5290567421
5290794827
5291212765
5291376765
5291498859
5291593421
5291646765
5292106265
5292144921
5292211265
5292530390
5298939734
5299041796
5299160015
5300600234
5300746515
5300832390
5300938077
5306315077
5306460640
5306500390
5306637952
5306698827
5306800421
5306894827
5307013327
5307185671
5307292640
5307563359
5307812327
5308131484
5308221702
5308396515
5308719765
5309323390
5312356577
5312586577
5313505577
5314787921
5315964859
5316066077
5317141421
5317221671
5317364109
5317432421
5319598077
5319687171
5319739140
5320174702
5320515046
5320748546
5321657796
5323132984
5323207077
5323270546
5323331640
5323395484
5323530484
5323649859
5323876452
5323998109
5324149671
5324281984
5324317390
5324410171
5324484609
5324536734
5324581765
5324669702
5324730484
5324800421
5324883077
5324929390
5324972796
5325045484
5325072265
5325132546
5325198765
5325227077
5325279452
5325316046
5325376609
5325397827
5325485140
5325506077
5325617390
5325732734
5325795546
5325892702
5326027859
5326233734
5326403046
5326461046
5326512796
5326552077
5326594171
5326653859
5326738765
5326795046
5326840171
5326900609
5327015640
5327099515
5327185140
5327320796
5327594077
5327963171
5328120702
5328232921
5328451515
5328496296
5328609484
5328717546
5329475359
5329994952
5330083577
5330198984
5330276671
5330341359
5330452327
5330548327
5330728577
5330802109
5330909702
5332023234
5332342171
5332777015
5334545827
5334633890
5334751484
5337428890
5337929609
5338006296
5338068390
5338345171
5338417202
5338629171
5340342984
5340389327
5340502577
5340658765
5340775452
5347629671
5353729765
5353916046
5353974265
5355404796
5356248890
5356374671
5356433327
5358491296
5358663359
5359788046
5360073140
5360184140
5360374234
5360430796
5360522546
5360742202
5361058171
5361167202
5362448890
5362527984
5362592546
5362632609
5362649609
5362733921
5362793234
5362863827
5362945234
5362983140
5363050390
5363095577
5363121265
5363159077
5363171765
5363214890
5363236140
5363288234
5363352140
5363409484
5363436171
5363467577
5363538577
5363572296
5363620515
5363708765
5363742984
5363775202
5363812296
5363847515
5363889140
5363910859
5363941921
5363988827
5364010171
5364066577
5364109859
5364158671
5364182734
5364191859
5364250577
5364286765
5364319827
5364348827
5364370390
5364425421
5364446577
5364503609
5364537765
5364567046
5364592296
5364659546
5364723640
5364808640
5364868796
5364922296
5364985171
5365061140
5365156140
5365263296
5365334765
5365413640
5365733640
5365810484
5365837265
5365888140
5365932859
5366003359
5366080265
5366152609
5366202452
5366255765
5366349765
5366410202
5366462984
5366547296
5366805390
5366867984
5366959515
5367078577
5367363952
5367680421
5367800327
5368255484
5368406734
5368650890
5368774734
5369055359
5369199515
5369326515
5369676202
5369983171
5372453171
5372577484
5372691327
5372802765
5372873421
5372935921
5373020234
5373101046
5373201296
5373336734
5373426109
5373811452
5374320671
5374591859
5374687546
5374825046
5374906546
5374951421
5375012359
5375035452
5375142046
5375243484
5375345765
5375385546
5375447046
5375537765
5375580702
5375841640
5375866702
5375997077
5376082202
5376189515
5376301859
5376338890
5376455296
5376706327
5376816609
5376948765
5377145765
5377310296
5377397640
5377464827
5379099734
5379633734
5383465702
5383606171
5384892640
5385674077
5385945327
5389003640
5389569609
5389626859
5389730859
5389846296
5390193921
5390351827
5401417140
5405290015
5405379921
5421516827
5424629827
5425374421
5426780546
5427261984
5430372077
5430928921
5431028515
5431223296
5431303077
5431520984
5431582202
5431616265
5431730359
5431778827
5431865327
5431946765
5432012765
5432054609
5432118765
5432185577
5432231984
5432392109
5432503202
5432574577
5432830765
5432931359
5433015015
5436548640
5436617265
5436721046
5437602859
5439280452
5439326546
5439401421
5439444109
5439558015
5439658827
5439743484
5439780734
5439872109
5439909015
5439961234
5440023015
5440103921
5440356984
5440362515
5440493202
5440557890
5440605577
5440636265
5440681640
5440761859
5440804921
5440878859
5440992859
5441101015
5441173452
5441245140
5441269421
5441351921
5441420109
5441514390
5441585484
5441609734
5441651452
5441713640
5441786077
5441877609
5442039109
5442064015
5442200515
5442444452
5442923421
5442985296
5443777984
5444713859
5446024359
5446172515
5446246546
5446531734
5446626390
5446795640
5449866734
5449973109
5450031015
5450050734
5450107077
5450177140
5450212640
5450282077
5450325890
5450386171
5450458702
5450508577
5450593765
5450639515
5450667515
5450693359
5450717046
5450742171
5450778702
5450814984
5450865015
5450884640
5450921984
5451006921
5451034671
5451119796
5451170171
5451232796
5451372640
5451967265
5452072327
5452175890
5452285140
5452320577
5452389765
5452686546
5452774952
5452853577
5453043546
5453187390
5453264984
5454302452
5454686640
5454867327
5457092390
5457202921
5457314577
5457394202
5457515952
5457622296
5457694015
5457820765
5457902390
5458024702
5458828515
5458950015
5459392640
5459480015
5459543890
5459616015
5459704734
5459991952
5460424109
5460665202
5460780046
5461030109
5461460796
5469717734
5470380327
5470516515
5471073359
5471161265
5471404671
5471814952
5471916359
5473891046
5473946046
5474105202
5474160609
5474201827
5474217452
5475093015
5475393046
5475676109
5475715109
5475774359
5476824640
5477596515
5479329984
5479385202
5479745890
5479813327
5480090984
5480255202
5480398390
5480639265
5480791515
5480892015
5480963359
5481017952
5481068952
5481189702
5481266140
5481538359
5481707171
5481854827
5482206359
5482269077
5482330515
5482369765
5482430015
5482509671
5482554796
5482608984
5482647327
5482682859
5482762046
5482805484
5482853827
5482878796
5482938077
5482994046
5483057952
5483138515
5483214796
5483387890
5484593359
5485965296
5486336952
5486517640
5486622296
5486731765
5487950046
5488043202
5488118390
5488161765
5488297859
5488388952
5488441734
5488487546
5488563234
5488649577
5488762984
5488836234
5488951734
5489059296
5489122827
5489342765
5489376234
5489395484
5489427546
5489461577
5489520390
5489546140
5489572546
5489602796
5489632202
5489684390
5489715796
5489734546
5489756890
5489771077
5489821421
5489842327
5489934077
5490022734
5490113952
5490380421
5490432171
5490460452
5490483796
5490522671
5490537452
5490546859
5490600234
5490653421
5490675827
5490717515
5490743265
5490818609
5490891765
5490925359
5490936484
5491020921
5491070296
5491086609
5491153921
5491199484
5491219921
5491273171
5491305984
5491338734
5491421171
5491453077
5491494359
5491560234
5491624202
5491693515
5491795515
5491853327
5491899609
5492008734
5492076640
5492138359
5492311577
5493636171
5493726327
5493873609
5493958140
5495217359
5495464984
5495569421
5495690827
5495812234
5495957577
5496376390
5498965890
5499616515
5499780046
5499879952
5499997702
5500084202
5500155515
5500214577
5500264734
5500371609
5500441796
5500484484
5500559046
5500607921
5500701734
5500770890
5501004765
5501115234
5501279890
5501400546
5501555765
5506943327
5507343546
5507566859
5512166171
5513274484
5513361265
5513706234
5514006140
5514084484
5514163171
5514335390
5516368952
5516744577
5517576171
5518339234
5518417546
5518487546
5518621359
5518902827
5519494171
5519567234
5520000109
5520066984
5520136046
5520242546
5520456421
5521002890
5521169984
5521309077
5521354765
5521436077
5521501921
5521592702
5524334577
5524378015
5524620171
5524720202
5524891484
5525322859
5525428702
5525522359
5525641952
5525727046
5525849952
5532599609
5532818734
5533953140
5534687827
5534800046
5534890702
5535001609
5535078671
5535154577
5535500327
5535657484
5535871609
5535952890
5536068421
5536186734
5544410265
5544470234
5544601765
5544756265
5544804609
5544851202
5544889171
5544917202
5544946296
5544977827
5545023796
5545075202
5545188359
5545274421
5545372452
5545404734
5545512327
5545582327
5545629421
5545697015
5545770796
5545820077
5545888827
5545938390
5545970327
5546012140
5546085609
5546133234
5546180359
5546199202
5546232890
5546291984
5546334077
5546421202
5546553859
5546803390
5546904546
5546981671
5547043327
5547127859
5547246827
5547308484
5547368921
5547396265
5547421234
5547436452
5547458452
5547508796
5547553452
5547592015
5547642671
5547706452
5547742796
5547835171
5547870327
5547892796
5547930202
5547963077
5547987140
5548047952
5548097359
5548128890
5548161327
5548203077
5548275827
5548331577
5548496577
5548860796
5548988859
5549086390
5549261234
5549356515
5549476796
5549580484
5549619984
5549783234
5549860765
5549902515
5550428109
5550544640
5550937609
5551194077
5551722640
5551806327
5551898984
5551973421
5552073202
5552128327
5552195546
5552310952
5552433077
5552500952
5552552734
5552634671
5552733140
5552867952
5553118515
5553591452
5554998296
5561967296
5568355140
5568415390
5568524484
5569190515
5569409921
5569576359
5569641452
5569706546
5569769921
5569836765
5569910484
5571058796
5571281046
5571413140
5571500140
5571678359
5572074077
5572448015
5572516202
5573531984
5573656265
5573790202
5573878577
5573958671
5574021577
5574038921
5574082952
5574160890
5574234359
5574330734
5574548484
5574901859
5575033796
5575121359
5575297109
5575459671
5575904765
5576329202
5576563296
5576668359
5576715796
5576786859
5576899515
5577256140
5577386734
5578474890
5578628296
5578836234
5578993702
5579058734
5579153296
5579284640
5579828859
5580239484
5580373734
5580502890
5580568890
5580622765
5580670952
5580729327
5580769577
5580806171
5580839077
5580901702
5580924890
5580990546
5581042484
5581123765
5581231609
5581291015
5581424796
5581507796
5581581359
5581631234
5581692265
5581837515
5581995984
5582030140
5582078734
5582148202
5582185702
5582236827
5582253609
5582264734
5582296609
5582304859
5582401640
5582460140
5582550452
5582730796
5582808796
5582909109
5582959984
5583055890
5583115359
5583190765
5583328577
5583392765
5583508140
5583645265
5583715765
5583785827
5583873577
5583976234
5584144077
5584352671
5584434421
5584562952
5584710109
5585801984
5586106140
5586334077
5586452765
5589763827
5589960452
5590123484
5590186109
5590293515
5590391327
5590451827
5590553140
5590714484
5590846609
5591120109
5591391515
5591470640
5591615890
5591747171
5591815890
5591923609
5592020546
5592084234
5592189359
5592364015
5597995827
5605074765
5605386765
5605607140
5606106296
5606470421
5606858171
5606973984
5607064296
5608712577
5609191952
5614520077
5615897296
5616026484
5616108046
5616197234
5616418577
5616617359
5616696702
5616865827
5617029577
5617158702
5620121390
5622711984
5625422046
5625593327
5625674171
5626262484
5626302171
5626359077
5626403327
5626436265
5626494359
5626521671
5626563046
5626648109
5626843421
5626899265
5626963484
5627161546
5627385671
5627499452
5627660484
5628508234
5629203077
5629370921
5629445421
5629537265
5629683452
5629780265
5629900984
5629926984
5629983796
5630099421
5630164796
5630253484
5630335827
5630451859
5630651546
5630713796
5630746671
5630812734
5630874577
5630934952
5630984796
5631071077
5631113734
5631135577
5631156265
5631203171
5631251546
5631292265
5631353546
5631395015
5631444671
5631499609
5631569140
5631596296
5631646702
5631735609
5631791265
5631838077
5631909265
5631981296
5632087452
5632268546
5632485327
5632588640
5632648984
5632762890
5632833859
5632932796
5632944546
5633537390
5633668515
5633841984
5634222796
5634283984
5634897827
5634996765
5635104827
5635176734
5635217077
5635290390
5635370046
5635418452
5635506734
5635539234
5635596702
5635610984
5635669296
5635723952
5635765577
5635855077
5636024827
5636143890
5636242077
5636427202
5636687859
5636852484
5636899202
5636988796
5637190296
5637240827
5637377827
5637459390
5637642327
5637794952
5637855890
5638073577
5638196609
5642518296
5644183171
5644652640
5644792109
5645186984
5645430921
5645465984
5645592171
5645758046
5646195296
5646962296
5647320609
5647389015
5647494390
5647552765
5647680859
5647754890
5647826452
5647941859
5648086890
5648251484
5649279265
5651240890
5653459827
5653676140
5653890546
5654036327
5654140452
5654290234
5654562546
5654628765
5654813140
5654916984
5655065609
5655165702
5655374952
5655584421
5655693484
5655729765
5655785827
5655843390
5655900046
5655931202
5655971390
5656029484
5656102171
5656236390
5656317546
5656381484
5656506484
5656652609
5656880015
5656922234
5656951327
5656973046
5657060921
5657100671
5657149671
5657181296
5657253296
5657311702
5657394640
5657458734
5657478515
5657657546
5657762421
5658707671
5658977765
5660527140
5660594671
5660616390
5660698577
5660911484
5661004234
5661098640
5661194265
5661244296
5661330296
5661443015
5661536827
5661636765
5662014484
5662088390
5662165234
5662231046
5662300390
5662347952
5662370421
5662747390
5662876796
5662974890
5664000390
5664253640
5664359859
5664518015
5664771296
5664875359
5664989640
5665625390
5665732890
5665916202
5666025202
5666460109
5666564015
5667544484
5667676546
5667818765
5667995234
5668245796
5668629577
5669267046
5669354327
5669464890
5669479546
5669597390
5669740421
5669808921
5669855265
5669894015
5669960546
5670033171
5670062046
5670159734
5670274546
5670329577
5670407827
5670460484
5670519671
5670572546
5670611577
5670666702
5670732640
5670767452
5670780952
5670845202
5670859827
5670885921
5670919452
5670945484
5670969984
5671004577
5671040671
5671086859
5671125827
5671145171
5671201640
5671259890
5671340327
5671372890
5671427327
5671480640
5671620171
5671660952
5671896296
5672058359
5672151765
5672245546
5672298577
5672356484
5672392609
5672430390
5672505921
5672585609
5672618296
5672653421
5672688015
5672757327
5672795796
5672818921
5672830390
5672856796
5672951890
5672980859
5672993171
5673075452
5673174265
5673241671
5673307109
5673417609
5673489484
5673722015
5673911109
5674085921
5674182984
5674381671
5674506734
5674556984
5674689765
5674908359
5675011546
5675058359
5675159890
5675214390
5675293890
5675374890
5675430202
5675566140
5675659734
5675707452
5675812765
5675887952
5675995640
5676079140
5676215921
5676346140
5676481609
5676629921
5676747077
5676795765
5676910890
5677037577
5677074171
5677299640
5677381702
5677610359
5677829640
5678045984
5678144015
5678237577
5678317421
5678450859
5678570671
5678665546
5678833296
5678920327
5679018327
5679115234
5679184796
5679225515
5679289452
5679427359
5679830484
5680080921
5680197796
5680309171
5681237609
5681342327
5681430265
5681540984
5681641890
5681776359
5681854796
5681903640
5681961296
5682025984
5682147140
5682204765
5682313077
5682381859
5682421390
5682460515
5682512859
5682582077
5682724796
5682791327
5682876296
5682929984
5683067171
5683505296
5683705234
5683826077
5684071984
5684196671
5684314390
5684438702
5684522671
5684639171
5684735359
5685445015
5685621202
5685690859
5685839640
5685960984
5686040921
5686364734
5686423827
5686568702
5686648140
5686685827
5686756077
5686791609
5686832890
5686916671
5686970202
5687125327
5687212327
5687264609
5687289484
5687340890
5687374484
5687419890
5687463140
5687497609
5687554765
5687638452
5687707234
5687789921
5687839671
5687902734
5688067827
5690000796
5693896046
5694646952
5694715015
5695398765
5695514796
5697040890
5697215671
5697327265
5697436390
5697528640
5697705484
5697820265
5697869952
5697938984
5698031921
5698213046
5698337796
5698459702
5698539952
5698752046
5698871484
5699119827
5699242640
5699696921
5704364984
5707099234
5707496827
5707572609
5707635484
5707760327
5707774015
5707860577
5707912515
5707931484
5708028796
5708123952
5708184515
5708293452
5708383202
5708556452
5709640984
5709721234
5709823234
5710059484
5710137577
5711180952
5711664484
5711786296
5711854765
5711896015
5711985077
5712032452
5712134421
5712180202
5712269890
5712548046
5712648015
5712736546
5712817046
5712916140
5714098515
5714224452
5714637421
5715526640
5716551640
5716660015
5716787390
5716868421
5717002171
5717269671
5717785171
5717864077
5717993890
5718055577
5718180921
5718352296
5718518859
5719103265
5719172577
5719286390
5719444390
5719535702
5719574827
5719678734
5719742452
5719833140
5719964359
5720044890
5720055140
5720422702
5720503171
5720640421
5722183702
5722745577
5722857765
5722943077
5723036796
5723170484
5723237796
5723410015
5723557796
5723675515
5723748577
5723847827
5724006734
5724123327
5724186734
5724297577
5724449984
5724596296
5724727015
5724917421
5725112609
5725239327
5725345390
5725527702
5725878390
5727470984
5727651390
5727786765
5729292577
5730787202
5730930452
5731060546
5731173359
5731232327
5731334202
5731447452
5731504984
5731535577
5731569952
5731595046
5731607109
5731648546
5731702671
5731778984
5731887984
5731932296
5731989859
5732101421
5732268109
5732356046
5732402421
5732431452
5732493796
5732645046
5732904671
5737114640
5737213015
5737345952
5737428734
5737699015
5738238265
5738458202
5738511921
5738559515
5738612046
5738671671
5738740140
5738785077
5738825484
5738898234
5738909640
5738960671
5738990796
5739017484
5739065890
5739102577
5739150859
5739216984
5739286827
5739304702
5739342921
5739402952
5739447921
5739468734
5739490796
5739535265
5739547265
5739623484
5739672327
5739746796
5739793827
5739864952
5739970609
5740040327
5740340359
5740461109
5740573859
5740768046
5741170765
5741656859
5741697765
5741770765
5742069452
5742141484
5742266952
5742397109
5742595140
5742671046
5742800734
5743087702
5743276327
5743706984
5743849421
5743956452
5744104577
5744275171
5744403765
5744487640
5744649640
5744766359
5745433984
5745688234
5745731234
5745906046
5746170234
5748194109
5748356484
5750155202
5752517921
5752701702
5752882827
5752985859
5753196265
5753274952
5753364452
5753439140
5753589202
5753647484
5753725327
5753782546
5753879921
5753898390
5754380421
5761501827
5761566327
5761709546
5761929952
5761990546
5762047859
5762149765
5762199921
5762327671
5762395171
5762434484
5762468390
5762527327
5762583390
5762630765
5762694421
5762763359
5762855327
5762933015
5763063077
5763161077
5763337202
5763406421
5763470015
5764172640
5764418577
5764998359
5765157140
5765304390
5766392640
5766651296
5766994234
5767197046
5767293484
5767345015
5767419296
5767645202
5767697765
5767739296
5767828046
5767879890
5768000077
5768398952
5768742734
5768865421
5768942984
5769106827
5769215265
5769301046
5769440984
5769500827
5769543765
5769581452
5769660671
5769720640
5770004421
5770084984
5770162734
5771123765
5771254140
5771348827
5771435015
5771614234
5771784546
5772006984
5772120952
5772171952
5772259577
5772470452
5772741484
5772842046
5773175421
5773678546
5773754171
5773792734
5773851984
5773909640
5773987984
5774030109
5774115921
5774192327
5774230015
5774305296
5774383265
5774499734
5774593577
5774723734
5774819171
5775002171
5775929546
5776004234
5776029234
5776188515
5776262140
5776366077
5776469046
5776520484
5776645796
5779009484
5779121921
5779199546
5779324671
5779395077
5779493390
5779588390
5779722077
5779856640
5780116171
5780422390
5781012671
5781066234
5781123046
5781313671
5781449202
5781634859
5781724702
5781812140
5782467609
5782584390
5782947359
5783082890
5783134077
5783237202
5783333515
5783439202
5783498202
5783562890
5783622671
5783694796
5783764546
5783796171
5783927421
5784467859
5784627640
5784702640
5784811234
5785012265
5785155827
5785456234
5785542452
5787079796
5787127390
5787235734
5787368484
5787478234
5787607640
5787660734
5787765077
5787803859
5787896984
5787993765
5788124452
5788180984
5788283671
5788320077
5788371890
5788384327
5788433859
5788480952
5788532046
5788630859
5788667796
5788695327
5788782234
5788865202
5788934859
5789070859
5789223640
5789298702
5789353796
5789423327
5789447640
5789510984
5789605734
5789714202
5789742827
5789843640
5789916359
5790017234
5790092359
5790131702
5790224921
5790436327
5790528390
5790571484
5790647827
5790695296
5791157546
5791287234
5791431265
5791531359
5791639952
5791742890
5791791515
5791863515
5791935921
5792030109
5792124984
5792152202
5792254296
5792574609
5792670202
5792775546
5793441077
5793533734
5793720390
5793880952
5793990702
5794247796
5794358452
5794719765
5797061015
5797249359
5797461015
5797675952
5797842765
5798001921
5798121921
5798444296
5799258421
5799360890
5799563952
5799880265
5800038702
5800185859
5800274671
5800356640
5800407171
5800597077
5801902171
5802060577
5802128921
5806659640
5810361890
5810465734
5810556859
5810654327
5810789234
5811243202
5811600452
5811843171
5811944734
5812223077
5812350234
5812473515
5812960640
5813253077
5813499265
5813837265
5814217421
5814624640
5816532921
5817070296
5817457796
5818120827
5818648109
5819096234
5819190234
5819497109
5821513484
5821698921
5821754515
5821855859
5823405859
5823552296
5823638109
5823888390
5823931921
5824097202
5824195452
5824371515
5824490952
5824555984
5825602671
5825721046
5825844827
5825997390
5826069202
5826179609
5826407296
5828610046
5828758327
5834759452
5837425077
5839153452
5843031921
5843350359
5844097640
5844405202
5850962484
5851368077
5852090234
5852113859
5852187859
5852306234
5852388765
5852483796
5852547140
5852622702
5852976077
5853182390
5853371952
5853564484
5853688265
5853795452
5854368296
5854483765
5855762859
5855870484
5856029171
5856082827
5856138859
5856198890
5856236171
5856371546
5856480296
5856520015
5856595609
5856631265
5856718765
5856849484
5856913452
5857033640
5857138046
5857165921
5857974546
5858107827
5858200452
5858275577
5858330827
5858418609
5858508140
5858561921
5858617171
5858686359
5858741140
5858790359
5858870952
5859008609
5859285359
5859355202
5859493234
5859568359
5859687515
5859809202
5859886734
5860041484
5860135327
5860255546
5860348671
5860704046
5861068609
5861216202
5861417171
5861530265
5861767484
5862199327
5863378296
5863481296
5863557046
5863654234
5863729109
5863868827
5864005109
5864233234
5864447734
5864490109
5864572546
5864691827
5864720609
5864803046
5864884984
5864950734
5865011702
5865085484
5865123171
5865158734
5865199702
5865220140
5865270265
5865330234
5865357077
5865419390
5865479015
5865589046
5865763202
5866271515
5866344046
5866403546
5866558952
5866723077
5866829984
5866919234
5867082015
5867667171
5868507421
5868628171
5868761984
5868968734
5869233296
5869388796
5869473421
5869568546
5869653046
5869713265
5869791171
5869834827
5869918359
5870048515
5870094577
5870188452
5870371390
5873282640
5886995077
5889129077
5899678296
5899832577
5900048577
5900401202
5900415452
5900425452
5900441609
5900447421
5900462484
5900470546
5900477234
5900489390
5900497421
5900508140
5900521609
5900527702
5900537327
5900543484
5900557202
5906040890
5906295734
5906492671
5906644827
5906741577
5908020140
5908158015
5908244577
5908305921
5908416046
5908493765
5908592515
5908668046
5908701515
5908810640
5908976452
5909080984
5909117015
5909192140
5909315202
5909400046
5909443390
5909507109
5909539234
5909604359
5909648046
5909715296
5909780109
5909849140
5909941984
5909989015
5910049515
5910103421
5910172765
5910229827
5910431515
5910513671
5910757359
5911294546
5911383015
5911571015
5911686202
5911823921
5911878046
5911958452
5912365171
5912438984
5912686265
5912887984
5913014234
5913082984
5913181140
5913241202
5913280546
5913332046
5913384921
5913809452
5915348296
5915574484
5915704984
5915784484
5915859577
5915953296
5916026671
5916086015
5916136984
5916260640
5916350390
5916406140
5916574640
5916647921
5916714046
5916778952
5917017202
5917530421
5918164546
5918359077
5918495796
5918593390
5918851140
5919231734
5919339202
5919416327
5919549484
5919655734
5919790577
5920571202
5920673359
5920809140
5920928577
5921069890
5921205515
5922014046
5923146265
5923472890
5923506390
5923559015
5923619515
5923689984
5923700765
5923900952
5923952515
5924925202
5925033984
5925256609
5925566140
5925663734
5925754421
5926118765
5926532046
5926707202
5926933765
5926966577
5927072046
5927125984
5927306452
5927387984
5927471171
5927580015
5927661859
5927775077
5927860734
5927956327
5928023296
5928080202
5928132859
5928182671
5928237015
5928269921
5928301859
5928349702
5928391390
5928473202
5928541734
5928587765
5928637702
5928659140
5928677765
5928727890
5928739421
5928791952
5928820484
5928863921
5928906702
5928931202
5928985202
5929124702
5929148671
5929219484
5929283046
5929337015
5929431640
5929540734
5929673515
5930330796
5930452421
5930598077
5930724921
5930842671
5930948546
5931046952
5931118577
5931196077
5931235390
5931360546
5931425640
5931499577
5931557015
5931677171
5931781890
5931956890
5932033452
5932170640
5932239609
5932345140
5932434546
5932595265
5932653046
5932794546
5932954546
5933197202
5933354890
5933441234
5933537077
5933656952
5933726702
5933897765
5933932921
5933996859
5934083734
5934172984
5934213296
5934350265
5934592765
5934666202
5934795327
5934920202
5935045859
5935139640
5935209765
5935320015
5935377671
5935488515
5935542452
5935658577
5935711734
5935740390
5935822577
5935884296
5935922202
5936008671
5936067984
5936130921
5936253796
5936313515
5936352640
5936413765
5936471234
5936566077
5936826984
5936895640
5936971171
5937039421
5938613609
5938775452
5939266296
5939479734
5939587796
5939653734
5940007296
5940286296
5941037327
5941310734
5941380702
5941508859
5947936702
5948269171
5948518202
5948625671
5948808827
5948912515
5949103421
5949182671
5949257327
5949324577
5949417015
5949473077
5949507515
5949567171
5949638359
5949693421
5949725359
5949808890
5949893890
5949959140
5950006827
5950060796
5950190859
5950484421
5950601327
5950669421
5950870765
5951446390
5951753609
5952139859
5959191109
5965489390
5965595202
5966337234
5966664546
5967663671
5968520859
5969484046
5971288609
5971513609
5979227796
5986246484
5990037859
5990108359
5990873702
5990947921
5991103452
5991169140
5991357702
5991462546
5991539609
5991677734
5992061702
5992256577
5992439859
5992584296
5992748765
5992834796
5993431140
5993616046
5993755671
5993977077
5994035452
5994198077
5994318859
5994395390
5994418015
5994506796
5995047140
5996179140
5996338859
5996445327
5996641827
5999110921
5999236202
5999452890
5999569859
6000008890
6000200484
6000359015
6000441952
6000522202
6000657640
6000717359
6000786452
6000925734
6001039296
6001492890
6001648077
6001767327
6001817609
6001998390
6002069327
6002180734
6002253327
6002315390
6002467171
6002634327
6002809484
6003019327
6003237952
6003344796
6003437796
6003507234
6003526359
6003597015
6003625952
6003701890
6003732421
6003749702
6003813202
6003837890
6003898171
6003943046
6004117077
6004253640
6004370265
6004422734
6004483296
6004545109
6004591421
6004688890
6004854359
6005515765
6005593390
6005659640
6005765234
6005825015
6005897609
6005942546
6005988515
6006073702
6006108452
6006209640
6006305671
6006379734
6006458390
6006479671
6006519109
6006561109
6006591734
6006609859
6006630984
6006644515
6006652046
6006657015
6006667327
6006673765
6006680359
6006687609
6006701952
6006711359
6006717140
6006800921
6006831327
6006854702
6006879734
6006911359
6007053921
6007222265
6007365202
6007426734
6007526984
6007659765
6007695390
6007741421
6007753234
6007801265
6007842140
6007878077
6007915109
6008004890
6008050046
6008068984
6008141015
6008187921
6008215859
6008237484
6008253671
6008275765
6008301515
6008353421
6008401827
6008451734
6008490234
6008527702
6008588046
6008639827
6008771952
6008871359
6008960546
6010834609
6011008515
6011528577
6011711984
6011814234
6013035765
6013504765
6015483546
6016324202
6016461609
6016889390
6017251234
6017577265
6023205984
6023462734
6023714452
6023885265
6024127577
6031111421
6033331765
6033444515
6033667484
6034289452
6035100671
6035236296
6035345577
6035494577
6035597515
6036666359
6040163015
6040309640
6042103671
6042195515
6042237390
6042307796
6042380765
6042416765
6042469202
6042551640
6042619421
6042699702
6042780296
6042833546
6042851109
6042867359
6042901015
6042911452
6042988890
6043381202
6043681327
6043828452
6044633359
6044762921
6044903702
6045051702
6045160765
6045485171
6045601702
6045679890
6045758609
6045885765
6045968796
6046009952
6046095640
6046143796
6046163734
6046212171
6046295015
6046382952
6046454921
6046540640
6046595015
6046635077
6046654077
6046687265
6046717765
6046735827
6046780296
6046809077
6046842702
6046872359
6046900046
6046938859
6046964234
6046983640
6047012765
6047053577
6047075671
6047117452
6047158140
6047213452
6047255796
6047306671
6047344140
6047373546
6047398827
6047452671
6047479952
6047519640
6047595296
6047625671
6047642265
6047697140
6047756452
6047796890
6047827077
6047855952
6047869859
6047893296
6047964546
6048034015
6048086390
6048160171
6048235421
6048307515
6048369077
6048413077
6048481046
6048695265
6049084171
6049375890
6049546827
6049646265
6049716921
6049809796
6049904921
6049972484
6050130765
6050271265
6050381140
6050418952
6050520890
6050556327
6050657202
6050807671
6050917140
6050986015
6051069234
6051212952
6051354077
6051411265
6051520140
6051634796
6051729796
6051855827
6051978640
6052117921
6052211984
6052331140
6052504609
6052592265
6052702859
6052829640
6052893234
6053067046
6053156546
6053273171
6054436577
6055106452
6056858515
6057133140
6057212421
6057309046
6057382796
6057630452
6057684046
6057935109
6058008984
6058190890
6058264171
6058376859
6058522015
6058621390
6058749734
6058836359
6058909015
6058981265
6059121140
6059217046
6059350827
6060339702
6060587390
6060626859
6060695234
6060792765
6060958171
6062462796
6062760734
6067677140
6068423952
6068538077
6069342515
6069430921
6069583202
6069761015
6072322577
6072455671
6072568046
6073607827
6073697484
6073786515
6073860796
6075639077
6075733171
6075789327
6075873609
6076018702
6076087515
6076288046
6076353140
6076431265
6076494640
6076590859
6076725390
6076762734
6076830202
6076889609
6077015984
6077094827
6077829484
6078914234
6079000452
6079047859
6079179984
6079213640
6079351202
6079378921
6079449671
6079582390
6079634296
6079696140
6079820577
6079967671
6080038734
6080145890
6080383359
6080450734
6080582077
6080670452
6080834484
6081029515
6081431421
6082577171
6083520921
6083626077
6083962265
6084364827
6084596202
6084693515
6084729202
6084799827
6084858077
6084885765
6084941859
6085082952
6085219109
6085440827
6086019952
6086225171
6086297202
6086378577
6086429484
6086497609
6086634546
6086838171
6086919702
6086980796
6087084734
6087250671
6087358546
6087550077
6089093327
6089209077
6089226734
6089263734
6089322702
6089373390
6089430265
6089698827
6089781015
6089837890
6089868796
6090048734
6090495265
6102488421
6121753577
6121852640
6122406077
6122504734
6122886234
6127496515
6128919452
6128974046
6129074921
6129246140
6129687484
6131067390
6131238359
6132887577
6132966890
6133098327
6133141921
6133182890
6133259046
6133307390
6133337515
6133361484
6133453359
6133495109
6133628640
6133677859
6133784046
6133820546
6133893984
6133945296
6134051359
6135807546
6136696202
6137132984
6137323421
6137390109
6137457515
6137564546
6137604046
6137629234
6137777859
6137803984
6137866734
6137898390
6137968702
6137992140
6138062109
6138097577
6138222702
6138322827
6138447827
6138814859
6139112484
6140829796
6141099827
6141290546
6141632859
6142234515
6143498827
6143738327
6144169609
6144267046
6144356577
6144481202
6146091296
6146182140
6146239327
6146300734
6146347890
6146653546
6146736702
6146886327
6147090609
6147327702
6147637109
6147713109
6147851171
6147931640
6148024171
6148130859
6148240421
6148378515
6148531640
6148704796
6148813827
6148876859
6148947796
6149089390
6149137546
6149209734
6149281702
6149359265
6149480734
6149616202
6149676515
6149735827
6149843609
6149983265
6150141796
6150611109
6150793046
6150945952
6151053046
6151134546
6151333546
6151416952
6151563359
6151661171
6151715234
6151784577
6152848015
6152994140
6153029765
6153093265
6153176515
6153268546
6153331359
6153411577
6153533015
6153557546
6153599702
6153670546
6153977515
6154135640
6154193671
6154308359
6154480609
6154693765
6154830952
6154926702
6155008140
6155093452
6155167452
6155265859
6155304109
6155381390
6155717421
6155760265
6155842390
6155961546
6156054859
6156135765
6156257234
6156404265
6156432796
6156517296
6156581077
6156763952
6156962390
6157060077
6157262327
6157361390
6157459859
6157529640
6157555484
6157639015
6157759577
6157805765
6157855140
6157932609
6157982484
6158041109
6158095765
6158193546
6158263827
6158294734
6158397796
6158442077
6158513421
6158614077
6158671171
6158715265
6158743484
6158824296
6158875140
6158976609
6159051859
6159238765
6159323046
6159383327
6159412921
6159495921
6159579015
6159632171
6159694452
6159724796
6159816734
6159843390
6159925015
6159960359
6160012421
6160093921
6160180421
6160309859
6161509140
6161562827
6161658577
6161701452
6161746702
6161779952
6161838327
6161887796
6161943640
6162002077
6162025327
6162080984
6162139890
6162184952
6162245359
6162391640
6162465577
6162564796
6162883484
6163039984
6163125327
6163172390
6163257671
6163336390
6163379140
6163418327
6163480046
6163569765
6163664640
6163749296
6163809609
6163881077
6163947546
6164019640
6164107765
6164191984
6164247484
6164299484
6164352859
6164436702
6164515546
6164544452
6164593609
6164613171
6164639359
6164698077
6164757859
6164805609
6164837234
6164877515
6165051484
6165124796
6165175765
6165210484
6165282077
6165374359
6165415296
6165513546
6165597796
6165665921
6165758390
6165814765
6165896265
6165963359
6166067734
6166128921
6166198296
6166245765
6166321702
6166431015
6166504702
6166609077
6166666265
6166838734
6166900859
6166988234
6167047140
6167118859
6167182515
6167327202
6167411577
6167601515
6167678452
6167791015
6167866265
6167933952
6168059484
6168158077
6168871452
6169057859
6169178984
6169270202
6169369827
6169512234
6169713734
6169847296
6170000984
6170103390
6170175327
6170231452
6170315859
6170377265
6170515577
6170563296
6170641609
6170696515
6170748046
6170791046
6170835890
6170932452
6171036515
6171129202
6171202827
6171239515
6171306984
6171382421
6171535202
6171612952
6171831546
6171908546
6172066577
6172260702
6172503327
6172587171
6173834046
6174055609
6178965296
6179051359
6179121171
6179212702
6179258484
6179347234
6179482952
6179556671
6179575265
6179634140
6179692702
6179781796
6179903077
6179956734
6179998827
6180074046
6180145702
6180256015
6180416484
6180499702
6180575640
6180653952
6180828577
6180875796
6181197702
6181330327
6181871296
6182437890
6183156234
6183265046
6183296577
6183336015
6183383890
6183432609
6183506171
6183540640
6183564859
6183628202
6183646109
6183689077
6183746702
6183829515
6183898484
6183943484
6184012609
6184031140
6184102327
6184165015
6184265390
6184333296
6184403859
6184463796
6184520546
6184587827
6184687484
6184741546
6184896609
6184983702
6185045984
6185189921
6185314577
6185426734
6185541952
6185672734
6186493827
6186985015
6187050546
6187211890
6188158609
6188267609
6188377484
6188443484
6188527327
6188611702
6188754421
6188830515
6188903765
6189186265
6189646234
6190279234
6191116640
6197956640
6198041952
6200418296
6200548890
6200605515
6200784765
6201837921
6202511421
6202609171
6202691015
6206742140
6208641202
6208786890
6208909265
6209016515
6210116296
6210565577
6211106796
6211203796
6218493327
6219691577
6220133765
6220227421
6220356046
6220528515
6220706171
6220809046
6220872390
6220982171
6221059077
6221380702
6221556140
6221640515
6221873234
6221931171
6222124890
6222187015
6222306421
6222427859
6222612546
6222748734
6222871421
6222940296
6223042234
6223096734
6223318109
6223464671
6224051171
6224323484
6225899359
6226139171
6226360171
6226634671
6226917484
6226999609
6230489327
6232920171
6235755202
6236392452
6236550109
6237877327
6238216390
6239540921
6239946234
6240054952
6240216921
6240290265
6241857421
6242100390
6242297890
6242439202
6242528577
6242580046
6242649327
6242666421
6242791390
6242836484
6242929921
6242987452
6243055577
6243154609
6243234452
6243302515
6243397577
6243419359
6243489702
6243549265
6243604827
6243620265
6243673359
6243745734
6243794734
6243842046
6243867452
6243910796
6243947890
6243985734
6244054765
6244089577
6244127640
6244177265
6244205171
6244253421
6244368577
6244498734
6244706640
6244797515
6244837734
6245025734
6245083359
6245257640
6245341609
6245411452
6245430077
6245476484
6245539702
6245604952
6245672140
6245699421
6245801265
6245859296
6245953515
6246016671
6246117452
6246178140
6246290796
6246343484
6246434546
6246531827
6246795171
6246919359
6247036671
6247444827
6247516327
6247545702
6247886734
6248302640
6249085796
6249334015
6249785109
6249918077
6250064296
6250403234
6250660890
6250721109
6250804109
6251401202
6251501046
6251585827
6251979827
6252086734
6252807484
6253501390
6254237890
6256172952
6256365452
6267852109
6269755577
6269905484
6270046171
6270246765
6270357546
6270486796
6270705296
6270776421
6270816046
6270826952
6270929109
6271058452
6271131171
6271323671
6271402921
6271454202
6271546640
6271710640
6271821546
6271901327
6271956140
6271992265
6272054109
6272087140
6272153640
6272255484
6272385609
6272475952
6272557515
6272636827
6272749671
6272905702
6273172765
6273275046
6273394390
6273496890
6273577359
6273717546
6274297796
6275132327
6275348609
6275471609
6275536484
6275639984
6275978452
6276209609
6276276890
6276315421
6276410796
6276520984
6276657015
6276822859
6277177515
6277856546
6277966577
6278020984
6278104109
6278943671
6279349046
6279645046
6279729640
6279893234
6279958859
6280063296
6280432640
6280604077
6281575015
6282627640
6282789796
6284592609
6284960015
6287423202
6288074452
6288369046
6288768077
6289192702
6289313234
6289682577
6290682796
6290840484
6291034265
6292079859
6295020296
6295181202
6295384140
6298124609
6300966796
6301716484
6301781265
6301962827
6302121109
6302355765
6303618327
6303761827
6304572890
6305272077
6305353265
6305411390
6305528140
6307617921
6307780234
6307843609
6307923265
6308238515
6308324827
6308443234
6308559671
6308646702
6308739015
6308802796
6308934890
6311247952
6311376296
6311457609
6311561077
6311710327
6312032515
6312080702
6312148859
6312254515
6312302202
6312354984
6312442827
6312478765
6312527890
6312601827
6312662640
6312737296
6312779296
6312791171
6312842546
6312855171
6312898765
6312930202
6312957921
6313000202
6313081827
6313121984
6313179390
6313311265
6313344171
6313445640
6313531921
6313588452
6313649484
6313748890
6313877640
6314985452
6315064109
6315158921
6315380171
6315541515
6315655984
6315766577
6316103827
6316261109
6316605077
6317070952
6317134890
6317208390
6317795234
6318625234
6318940265
6319043390
6319105671
6319815671
6320055296
6320636984
6320741827
6320973609
6322603765
6322829234
6323055296
6323195327
6335371109
6335436390
6335662577
6335724890
6335858609
6335924702
6335950202
6336010359
6336069546
6336179390
6336348140
6336477671
6336640546
6336704452
6337648796
6337668890
6338158046
6338204827
6338237421
6338290202
6338333702
6338497046
6338547827
6338611484
6338694140
6338761171
6338798171
6338849202
6338884140
6338986109
6339059171
6339390890
6340041921
6340465546
6342447109
6342505796
6342587296
6342643765
6342750796
6342848546
6342987484
6343379046
6343440640
6344147827
6344367640
6344750577
6344955827
6345045890
6345130109
6345224140
6345306452
6345348765
6345370890
6345414702
6345476327
6345579421
6345671734
6345739640
6345827296
6347721984
6347786546
6347971327
6348049265
6348100921
6348194890
6348265390
6348409015
6348503077
6349335171
6349487234
6349531077
6349618140
6349676671
6349743171
6349783390
6349822015
6349905234
6349963984
6350000046
6350073952
6350142140
6350213452
6350234327
6350265890
6350291984
6350377640
6350454515
6350476171
6350536390
6350606859
6350674796
6350725077
6350813452
6350900046
6350991984
6351165109
6351253202
6351312952
6351390484
6351553234
6351813609
6351999046
6352493765
6352560171
6352676171
6352726890
6352778702
6352837234
6352876452
6352968359
6353037484
6353158609
6353197202
6353274046
6353311671
6353411546
6353578921
6353738296
6353858577
6353930546
6353978421
6354255390
6354399484
6354487546
6354544171
6354698796
6354789327
6354872077
6354957984
6355046702
6355104859
6355163546
6355240327
6355289984
6356036484
6356143171
6356364390
6356407734
6356647077
6356714952
6356811671
6357439421
6358368390
6358844827
6358910859
6359064202
6359197046
6359335984
6359561984
6359702359
6359796484
6359950109
6360057046
6363374921
6363672859
6363782452
6363995234
6364695827
6364777952
6364816327
6365160140
6365421046
6367789859
6368278577
6370093202
6370790640
6371042796
6371250984
6371332546
6371526577
6371707452
6371803327
6371905359
6372447827
6372543921
6372719859
6373033734
6373415421
6374667202
6375028515
6375051077
6375082171
6375292796
6376085827
6379038952
6380689765
6380747577
6380853827
6381028702
6381385265
6381521796
6381782546
6381892046
6382013921
6382758702
6383196984
6383457890
6384300640
6384389421
6384451734
6384557421
6385797484
6386084640
6386284421
6386399296
6386906171
6386979484
6387910952
6388740859
6388959984
6389138827
6389626265
6389846046
6390601765
6391080890
6391180484
6391408827
6393089015
6393505109
6393643734
6393975515
6395617546
6396082546
6396175390
6396524671
6397151515
6397308484
6397468796
6397610234
6398216671
6399773671
6400035609
6400127359
6401128234
6402617015
6402709359
6403578452
6404050327
6404272546
6404517921
6404760671
6406593515
6406820265
6407777734
6407786046
6410359984
6410413546
6410614765
6410697140
6410777702
6410875359
6410963702
6411080327
6411146109
6411179765
6411258984
6411302234
6411385796
6411453796
6411537984
6411568452
6411631827
6411666577
6411706452
6411785265
6412364984
6412672859
6412888515
6413075515
6413100702
6413160421
6413231827
6413288609
6413359827
6413396077
6413443890
6414487577
6414552796
6414645109
6414679890
6414711015
6414756359
6414827859
6414856515
6414887077
6414926984
6414957140
6415029765
6415087390
6415140765
6415183671
6415300890
6415459609
6415540827
6415662452
6415706952
6415797765
6415922390
6416042577
6417280921
6417506265
6417662765
6417785859
6418168234
6418239171
6418301077
6418445484
6418486452
6418507702
6418525827
6418675890
6418752234
6418850702
6418874671
6418910765
6418987609
6419006265
6419048952
6419069702
6419119234
6419138921
6419160734
6419216234
6419243734
6419272765
6419287952
6419347234
6419455984
6419529327
6419713671
6419919484
6420355452
6420453140
6420539796
6420826921
6420983859
6421009390
6421121577
6421160546
6421164077
6421308702
6421426296
6421549984
6421762859
6421917984
6422096515
6422235952
6423087390
6423269577
6423398765
6423512546
6424622702
6424941015
6425060952
6425158952
6425271296
6425504796
6427592234
6427659390
6427700109
6442814046
6443086140
6443178234
6443348671
6443500484
6444795171
6445020765
6445574265
6445740296
6448729952
6448879234
6449803796
6449872734
6449916921
6449992234
6450062577
6450173296
6450283984
6450370327
6450412171
6450491859
6450545202
6450562390
6450632140
6450703265
6450763140
6450812390
6450853734
6450891702
6450984671
6451039077
6451083452
6451265702
6451376484
6451473171
6451573515
6451657515
6451743640
6451774640
6451858015
6451986577
6452061515
6452131765
6452262984
6452359546
6452401171
6452478609
6452538015
6452676859
6452775140
6452854421
6452993234
6453075671
6453290484
6453404702
6453527859
6453703640
6454021921
6454141984
6454231796
6454481921
6454581452
6454633671
6454706265
6454857265
6455006140
6455170546
6455490609
6455582515
6455673609
6455768015
6456453015
6456744734
6457087046
6457451015
6457821796
6458083327
6458304515
6458594546
6459276952
6459555890
6459692671
6459751234
6460328796
6460544921
6460702359
6460812765
6460952296
6460988046
6461069546
6461235046
6461666734
6461742640
6470654234
6470769077
6470857859
6471000984
6471192452
6471353702
6471484265
6471616921
6471754296
6471904265
6472249765
6472340171
6472506734
6472614702
6472699702
6472742077
6472833796
6473093702
6473280171
6473411484
6474013546
6474221046
6474306952
6475768015
6476320515
6476393452
6476517327
6476580390
6476646640
6476699796
6476752015
6476778265
6476861577
6476912327
6476984452
6477020077
6477086390
6477137546
6477232827
6477355484
6477475827
6477510984
6477591765
6477667984
6478149077
6478307202
6478350515
6478440015
6478541327
6478604140
6478740484
6478757296
6479204859
6479281265
6479470390
6479634265
6479720109
6479867734
6479914202
6480054077
6480230890
6480495796
6480708234
6480921796
6481026859
6481425671
6481634952
6481975859
6482135452
6482415640
6482504827
6482580952
6482710202
6482958452
6483097390
6487150109
6487705890
6492338015
6492430734
6492542109
6492689046
6493060890
6493175546
6495390796
6495764859
6495867890
6496142609
6496511640
6497090046
6497401609
6500100577
6500290202
6500524171
6500696702
6500901984
6500961265
6501019640
6501042390
6501143859
6501485671
6501527702
6501631890
6501673171
6501729577
6501877109
6502646702
6502861859
6504675265
6504984734
6507223890
6507302984
6507378171
6507417077
6507434077
6507472046
6507511390
6507561171
6507666046
6507693015
6507699359
6507705609
6507716952
6507730015
6507743671
6507824421
6507857765
6507944952
6507980734
6508057171
6508106671
6508168484
6508198265
6508227202
6508274140
6508319390
6508408140
6508455671
6508576109
6510191296
6510503952
6510757234
6510898296
6510941890
6510964421
6511020671
6511137734
6511426171
6511677484
6511924984
6512296421
6512577015
6513951390
6514177484
6514711327
6514819109
6514948421
6514990827
6515118984
6515248577
6515361046
6515431046
6515484140
6523579421
6526022046
6526081390
6526151609
6526244390
6526298984
6526419265
6527372827
6527751109
6527990702
6528362202
6528457359
6528546109
6528600609
6528656702
6528705140
6528836734
6528940202
6529011702
6529136359
6529242640
6529749546
6531062734
6531206515
6531315671
6531504202
6531707890
6531807984
6531860952
6533853077
6533965484
6534044421
6534105327
6534218702
6534342484
6535049577
6535105921
6535174234
6535204390
6535241265
6535476265
6535633421
6535711827
6535748171
6535828671
6535895671
6536135921
6536377171
6536430390
6536534796
6536728859
6537714952
6538078234
6538160046
6538297952
6539069890
6539106609
6539195046
6539236796
6539346234
6539545390
6539680359
6539739609
6540001952
6540058202
6540320827
6540419671
6540510202
6540618671
6540684984
6540745609
6540797171
6540827171
6541954921
6542300109
6542717171
6542847265
6544726671
6544807921
6544857077
6544932327
6545006046
6545051859
6545068171
6545195265
6545212296
6545278390
6545294984
6545417327
6545445327
6545515577
6545546452
6545593109
6545639265
6545688577
6545706890
6545739296
6545774546
6545799015
6545845984
6545885421
6545919077
6546008671
6546036984
6546059577
6546092859
6546149077
6546178171
6546257234
6546295640
6546402952
6546640015
6546713609
6546811546
6546958577
6547122421
6547235202
6547292921
6547409952
6547465015
6547548015
6547631734
6547687171
6547796296
6547903077
6547979390
6548028671
6548082921
6548149140
6548186202
6548242077
6548390859
6548445640
6548540015
6548619327
6548674421
6548777109
6548855515
6548935015
6549089296
6549222796
6549410484
6549490390
6549572577
6549616077
6549720609
6549771109
6549847202
6549947234
6550022859
6550097796
6550196202
6550328484
6550380952
6550517640
6550627546
6550967202
6551238577
6551364109
6551428109
6551673452
6551777140
6551929702
6551999452
6553282202
6553567202
6553704702
6554808109
6555712234
6556076952
6556301671
6556409952
6556578390
6556706515
6556780546
6556811077
6556924640
6556973984
6557322452
6566202046
6566263952
6566397921
6566533109
6566667796
6568051327
6568146702
6568448296
6568587202
6568853140
6569054890
6569081952
6569150609
6569241859
6569363015
6569551952
6569691702
6569756734
6569870765
6570063015
6570240046
6570397765
6570635077
6570916109
6584883109
6584966202
6585021077
6585126327
6585264890
6585332484
6585404827
6585576202
6585706421
6585797452
6586016452
6586875796
6586958390
6587078859
6587184640
6587244859
6587300702
6587398359
6587435015
6587497796
6587540359
6588833890
6588998077
6589179640
6589234984
6589712984
6590194734
6591378952
6591698421
6591897202
6591969015
6592041234
6592257890
6592400359
6592971640
6593034046
6593078921
6593271702
6593354140
6593750359
6593847140
6594541265
6594626359
6594895859
6597685827
6597922734
6598039234
6598253296
6598402702
6598658796
6598770202
6598877452
6599109984
6599290327
6599623359
6599729640
6599864577
6599937202
6600117859
6600169359
6600425984
6600455640
6600549140
6600728109
6600819702
6600963827
6601021327
6601115827
6601172984
6601250859
6601354140
6601458109
6601646015
6601814640
6601944265
6602020921
6602155952
6602224015
6602316421
6602398515
6602508015
6602597952
6602693421
6602787234
6603161921
6603249171
6603327390
6603446359
6603582452
6603913484
6603990890
6604046577
6604162234
6604253234
6604333890
6604530546
6604605734
6604702484
6604801077
6604895359
6604954484
6605001546
6605070452
6605151265
6605216765
6605258577
6605365609
6605460765
6605543890
6605636890
6605719390
6605805077
6605868640
6606005921
6606052484
6606171952
6606330796
6606413202
6606473077
6606508046
6606582546
6606638859
6606749734
6606853421
6607000765
6607305859
6607388734
6607532796
6607591577
6607667765
6607724702
6607791640
6607906484
6607986234
6608006171
6608025702
6608260859
6608340546
6608497921
6608619671
6608719609
6608789515
6608863859
6609073234
6609511640
6609606202
6609671609
6609734234
6609813702
6609836546
6609916046
6609955827
6610012609
6610121015
6610209484
6610302702
6610517890
6610757515
6610921359
6610997484
6611395577
6611964796
6612160577
6612519921
6612863734
6613557765
6616094452
6616639609
6622777327
6623078640
6627565109
6627681546
6630024390
6630100234
6630148546
6630166327
6630235202
6630266015
6630338359
6630401296
6630440015
6630518577
6630620390
6630658890
6630705609
6630749952
6630787859
6630825546
6630910734
6630952577
6630987827
6631025202
6631049702
6631179109
6631591421
6631680577
6631825515
6631945359
6632061671
6632187234
6632569077
6632650265
6632782577
6632884484
6633002640
6633077202
6633195796
6634189171
6634302921
6635235202
6635395265
6635692327
6635780640
6635809827
6635860671
6635903577
6635958234
6636010265
6636095484
6636288609
6636427109
6636591765
6636681546
6636794077
6636840140
6636908921
6637030859
6637071046
6637168702
6637188171
6637273296
6637321640
6637396515
6637487827
6637555171
6637599890
6637727952
6638140734
6638277327
6638425077
6638525702
6638668140
6639781952
6648498202
6652487546
6658194952
6658623890
6658707734
6662576109
6662672140
6662779546
6664905765
6665435859
6665568952
6667413640
6667908327
6667969765
6668163984
6668236702
6668312421
6668371077
6668471265
6668580890
6668679421
6668811234
6670552765
6670662640
6670738859
6670876484
6671164765
6671259609
6672075359
6672252484
6672340234
6672448202
6672837640
6673017890
6675169046
6675266327
6675361109
6675433484
6675526921
6675631734
6675680609
6675700609
6675805984
6675862984
6675898296
6676048390
6676112234
6676164140
6676192452
6676232171
6676254984
6676290452
6676329765
6676414140
6676457077
6676514046
6676553327
6676589890
6676613734
6676661452
6676680640
6676731359
6676790046
6676822359
6676851890
6676932984
6676952327
6676984546
6677020890
6677101859
6677141015
6677180234
6677247859
6677330140
6677419859
6677479171
6677583140
6677618827
6677683015
6677743702
6677769234
6677869827
6677977827
6678060921
6678123515
6678202765
6678250671
6678341140
6678391890
6678496390
6678570609
6678631327
6678787734
6678870171
6678961046
6678997484
6679083765
6679127359
6679227327
6679352609
6679496702
6679568702
6679687046
6679855515
6679956546
6679983546
6680351202
6680465452
6680508452
6680607390
6680676390
6680803546
6680917359
6681223421
6681348890
6681577952
6681680640
6681770609
6682050515
6682364577
6682418640
6682608046
6682698265
6682775890
6682799077
6682876702
6682931140
6683007515
6683068296
6683315421
6685136171
6685257952
6685675171
6685760234
6690089921
6693182671
6695313859
6695500765
6695686452
6696249827
6696993296
6698488421
6699012109
6699123109
6699327421
6699425796
6699457921
6699572734
6699653984
6699731952
6699816859
6699906546
6700000671
6700053765
6700217109
6700324421
6700803452
6700989359
6701313077
6701492140
6701652077
6701748734
6701905484
6702364577
6702532140
6702776484
6702893359
6702973577
6703175202
6703321796
6703484140
6703565890
6703679109
6703746109
6703832796
6703902890
6703993109
6704106359
6704161140
6704607484
6705091171
6705284515
6705462202
6706144859
6706268296
6706626640
6706778296
6706910577
6706989640
6707168890
6707213140
6707261577
6707344640
6707415702
6707445140
6707484577
6707559827
6707651827
6707713234
6707748671
6707792077
6707832327
6707864265
6707894171
6707924671
6707976734
6707999327
6708045921
6708089359
6708137952
6708283859
6708369734
6708467140
6708510202
6708606296
6708695046
6708801890
6708873827
6708919327
6709005890
6709024171
6709065734
6709142671
6709198984
6709276015
6709514984
6709632421
6710130827
6710202171
6710638577
6710691390
6710882921
6711012359
6711069171
6711166577
6711262796
6711550984
6714566546
6714791765
6715649171
6715813327
6716017827
6716051702
6716156702
6725354671
6728173796
6728206859
6728243484
6728252921
6728263546
6728268921
6728277265
6728282484
6728290359
6728296077
6728305421
6728315921
6728327390
6728390452
6728480265
6728531359
6728586984
6728683796
6728757890
6728957109
6729076921
6729115109
6729144171
6729218234
6729271890
6729318265
6729367046
6729475202
6729570359
6729613327
6729682484
6729716452
6729904077
6729977484
6730077015
6730114452
6730134765
6730155921
6730201609
6730229109
6730276577
6730331796
6730381609
6730430234
6730532671
6730608015
6730677359
6730732859
6730806734
6730844671
6730911234
6730993921
6731120452
6731174265
6731242546
6731316859
6731467390
6731537202
6731650359
6780908515
6782408796
6784956265
6803534546
6807671921
6815178952
6840316327
6893021015
6902382671
6902482015
6902596296
6906993515
6910645140
6911079171
6914111640
6919598546
6920927734
6924977515
6925417171
6925593202
6925775015
6926335109
6928734171
6935019859
6937443390
6937936046
6978183546
6978694515
6995114640
7004546827
7004680609
7004790577
7004871296
7004953109
7005206421
7020241171
7021750359
7035089077
7035175234
7035297421
7036049327
7036254296
7047980984
7048001859
7048086109
7048238390
7048535202
7052337109
7057475827
7058843327
7060098046
7063823952
7064236421
7064331109
7067282234
7067696984
7068126421
7068272390
7068450296
7068527421
7068570296
7068643484
7068809827
7069035421
7069159452
7069257171
7079976015
7132453452
7132610421
7133588515
7133697296
7133817827
7134150734
7134311671
7134450015
7134804265
7134847296
7135153765
7155329702
7156909546
7157024702
7212967952
7214199390
7220210796
7235243796
7235759515
7236167546
7238233046
7238642484
7238775296
7238823109
7240492109
7241926827
7250817234
7251158796
7251912734
7256356577
7256438577
7256512827
7257285796
7257846577
7258237702
7258526077
7259998609
7261131109
7261322202
7261417296
7261481890
7261790609
7262020015
7262597265
7264775515
7271806702
7281025077
7284389734
7286494609
7287778296
7288872640
7289157921
7289204609
7289240609
7289269640
7289333171
7289638390
7289719202
7289814109
7290086390
7290441952
7290657077
7291796765
7293360546
7293666140
7293916484
7294046202
7295159702
7295361859
7295588359
7295633390
7296186984
7296480890
7296549265
7296613609
7296779952
7296903609
7297020077
7297262890
7297540796
7297766046
7298021296
7298098077
7298166765
7298489452
7298630952
7298788484
7299888265
7300596827
7300656702
7300828702
7300965515
7301185952
7301321046
7301430421
7301524765
7301939452
7302132640
7302234796
7302322015
7302325327
7304171484
7304620390
7304802671
7304985484
7305263390
7305398671
7305506296
7305574952
7305743171
7305826671
7306198984
7306301015
7306457515
7306520952
7306699640
7306851577
7306937327
7307020890
7307187296
7307581609
7307663734
7307717046
7307876077
7308032952
7308284390
7308899890
7309007984
7309375827
7309523765
7310891421
7310959015
7312337952
7313185890
7313307765
7313600577
7316257640
7317607015
7318474077
7319578515
7319602921
7319610827
7319615671
7321387390
7321399484
7321509077
7334028765
7334141015
7334240546
7334743984
7334855202
7337140702
7340636421
7341410390
7343488952
7348006859
7350463327
7351981921
7352254827
7352419484
7360819921
7360861327
7361492171
7365558359
7366189265
7366485202
7367355577
7368746890
7368792265
7368832952
7369683859
7370267109
7370440734
7370628327
7371083140
7371267546
7371436859
7373013390
7374635265
7375128640
7375144984
7375226577
7376481421
7380537202
7395696296
7402208109
7403031734
7408522327
7417624952
7417921140
7418201202
7420034140
7425252796
7425494796
7428481265
7428790265
7430926484
7430937609
7431688827
7431712265
7431755296
7431887859
7432126327
7432776859
7433551702
7433566296
7434062077
7434089359
7435216109
7437393827
7437441796
7437634984
7444583015
7445317671
7447157577
7448672827
7449858577
7451024890
7451147390
7451410827
7451440609
7453291421
7453371015
7453570140
7454206890
7459312890
7459526827
7460307577
7460626296
7460672546
7461155702
7464056827
7464285921
7464360140
7464395234
7464434296
7464438702
7464447234
7464453890
7464462421
7464468327
7464488234
7464495234
7465109984
7465228546
7466001140
7467350671
7469900234
7469937234
7469953796
7469961734
7470248765
7470536546
7473368609
7480234109
7484432390
7484613077
7485002265
7485243890
7485610515
7485694265
7485913265
7486902109
7490738171
7490747077
7490803921
7490822515
7491192390
7491210609
7491217077
7494700734
7494849452
7494915140
7494962577
7494988140
7495025702
7495173609
7495273015
7496263796
7496856515
7498747984
7500587796
7505933515
7505948202
7508352484
7508371577
7508410734
7508447796
7508804859
7510139390
7511066421
7511098359
7511184796
7511289109
7511664952
7511937984
7514453734
7515608359
7515633515
7515743202
7515777984
7516157952
7518663921
7518760702
7519217734
7521058015
7523657296
7524768296
7524820984
7525165546
7525248734
7529602577
7530848952
7530884796
7532040609
7532057421
7532091171
7533153359
7533198640
7533784452
7534851234
7534920202
7535144140
7536477609
7536557015
7536686390
7538530702
7538909327
7539191452
7539311046
7539434265
7539797671
7541505515
7541515827
7542544046
7543307702
7544326640
7544490265
7545041234
7545052609
7545073921
7545649171
7546737484
7546902515
7547066015
7547835952
7549971077
7550047234
7550095827
7550865046
7551865015
7553784421
7553791077
7553797390
7553848890
7553874640
7554664765
7555563296
7555697765
7555820390
7556682734
7557023452
7557311859
7557353359
7557634609
7561030296
7563007421
7563018609
7563027296
7563035796
7563044546
7563050952
7563703640
7564632046
7564840484
7565446390
7565665609
7565777327
7566665327
7566734921
7566783265
7566824265
7567758859
7567856046
7567903202
7569791077
7571098640
7572610609
7573043796
7574688984
7574994827
7575061452
7575421234
7575524015
7577688359
7578979515
7579295859
7580042202
7580744609
7580996827
7581085921
7581409484
7584788921
7585328390
7588332609
7588576702
7589518984
7591707234
7594032140
7594046577
7594079359
7594091609
7594102827
7595977984
7596815140
7597631202
7599987702
7604371984
7604635827
7604765702
7605558921
7605609515
7605653952
7617312984
7617383202
7617508296
7620275827
7620799452
7621512609
7621554546
7621586546
7621617952
7621638702
7621663609
7621690390
7621781984
7621860202
7622514984
7623242671
7624487890
7624643171
7625363296
7625375796
7625416640
7625429546
7627308984
7627951452
7629013015
7629185077
7630343327
7630589327
7632680077
7634980921
7635976609
7636206421
7636335546
7636846359
7636995202
7637063671
7637163109
7638351984
7640046546
7640491734
7640518827
7640526265
7640540702
7640554609
7640561952
7640570827
7640583046
7640640546
7645240234
7645294452
7645425765
7645483702
7645498296
7645524390
7645624046
7645794859
7646172015
7646271671
7646718765
7648193234
7648395921
7650321515
7651856984
