9048842111
9049351673
9062012954
9062061767
9078657329
9078697017
9087903079
9087906204
9088106986
9091220829
9091309204
9091319079
9091323861
9091329361
9091363454
9091371798
9091382642
9091402642
9092260486
9092328736
9093240236
9093246142
9093307142
9093396673
9131565798
9170728111
9170750704
9170759861
9177771423
9177968111
9178113611
9188102111
9189244236
9189290423
9189294736
9189301798
9189458579
9189477486
9189505829
9189510204
9189634204
9189778704
9189820579
9189853361
9189874673
9191149579
9191218142
9198955892
9198972392
9199022329
9204823892
9204830673
9204848298
9204859236
9214326923
9215667361
9216626861
9223512454
9224188298
9224545704
9224731579
9224986923
9224991704
9225029548
9225735892
9229198486
9229235173
9229239954
9229469517
9229472736
9233382861
9233453361
9234283736
9234295486
9234310767
9234317111
9234331798
9234516579
9234629642
9234667017
9234678736
9234708798
9234726048
9234756236
9234781236
9234844267
9234921548
9235336204
9235364111
9235416142
9235444423
9245498923
9254324017
9270687986
9270694954
9271023611
9277854267
9277914017
9280239517
9286384517
9286636423
9286640423
9286884548
9286888267
9286977298
9287015173
9287264454
9287314736
9287324204
9289250454
9294037548
9294049517
9307950392
9307959111
9307970642
9307983173
9308069861
9308073611
9308394392
9311660392
9311943954
9325963611
9329604329
9329626361
9329699611
9329706673
9329712798
9329750923
9329761267
9329769204
9329777798
9329792298
9329814236
9329834579
9329844142
9329858298
9329868142
9329916142
9329989517
9330088048
9336725798
9336755954
9342511204
9346074579
9346078673
9362937611
9362945923
9363032173
9363036829
9363725548
9428028392
9428124642
9430187767
9430650704
9431112767
9431121986
9431178642
9431261704
9431610954
9432203923
9432297954
9433509611
9438697392
9438704236
9438784142
9438793642
9485853548
9485901829
9488806079
9495889454
9496803954
9496863486
9496899642
9496912017
9496922423
9496948111
9496976423
9497025579
9497061704
9497226392
9502567142
9502751611
9502844548
9502852329
9502861142
9503003017
9506524642
9506530861
9521360517
9521368048
9538255798
9543604548
9543766798
9544852548
9548759642
9548789236
9548799361
9548806798
9548896173
9554136861
9556856236
9556879736
9556884017
9561862236
9567325048
9610076954
9610081236
9616414173
9625510267
9625514923
9625922111
9625927954
9626035923
9631282173
9631504829
9631943173
9636922861
9642689111
9642693548
9643794642
9643835079
9643920204
9644035111
9644125048
9644181736
9644264236
9644320986
9644363454
9644419611
9644458986
9646748204
9646754986
9646822329
9647502611
9648079892
9655853329
9665806767
9665813642
9665831142
9665836767
9665912017
9666099329
9666114142
9666120548
9666131611
9666196236
9668094767
9668849204
9670218017
9670457017
9670462486
9680354204
9714511673
9714552079
9714570923
9714579954
9714585517
9715235392
9715287267
9715437829
9715485079
9715491454
9715561361
9717679673
9739145204
9739189204
9739194861
9739263611
9739306704
9739350548
9748685642
9748696298
9748700829
9750839111
9752746829
9754005704
9754016361
9754707423
9754711329
9754718829
9754726142
9754746767
9754764486
9754771329
9754785329
9754851892
9761743954
9768692361
9779340173
9780216329
9780225329
9782828142
9831817861
9838099173
9854603423
9856398548
9856451673
9856514111
9856607267
9856775861
9860498454
9912681361
9912726486
9914403673
10013898736
10013911392
10014803798
10014988673
10015292517
10015298267
10022655454
10031405454
10042691329
10043123829
10043144173
10043238642
10043265829
10043318329
10043378111
10043420486
10043455204
10043476517
10043487548
10043497079
10043515954
10043639548
10052896329
10053071454
10053301954
10053391329
10053829861
10053973861
10056425267
10056758361
10057304423
10057656142
10057887642
10059120611
10059285673
10059405642
10059843861
10059878829
10060181704
10060232673
10060434392
10060490611
10060563173
10060617517
10060703548
10060921361
10061065267
10061180329
10061312392
10069529611
10072399079
10072476048
10072758798
10072797204
10073469329
10073625236
10073858579
10073924361
10073974486
10074114642
10074328329
10076693486
10079748954
10080085298
10080135298
10080244611
10080325923
10080418861
10080441517
10080593892
10080781642
10081576329
10082034079
10082646704
10083078079
10083263267
10083393017
10083489954
10083619861
10083697579
10083773611
10083793611
10083800267
10083911173
10084132236
10084217767
10084631236
10084797017
10084871517
10085227048
10086863861
10087145517
10087162454
10087262486
10087341736
10087386923
10087447111
10087496736
10087700236
10087750267
10087772423
10087847329
10087918642
10088014079
10088054829
10088133486
10088200079
10088247079
10088296454
10088354173
10088424829
10088485579
10088495986
10088509548
10088579673
10088624142
10088706173
10088856798
10088919704
10088997736
10089050017
10089116954
10089152829
10089327329
10089444861
10089488423
10089553798
10089611173
10089620111
10089637798
10089679829
10089741454
10089749298
10089775736
10089816673
10089837736
10089853548
10089916954
10089944423
10089964954
10090001111
10090018111
10090062673
10090143736
10090189236
10090319329
10090468361
10090561236
10091494267
10091914454
10092021986
10092124736
10092143704
10092237048
10097602048
10119217048
10119263861
10119368829
10119444361
10141727767
10161213142
10179693486
10220832111
10234943861
10250905267
10371038454
10573387704
10745623798
10745669142
10745747954
10746185548
10746363267
10746519204
10746569454
10979394017
11049757517
11049815892
11049953423
11049999986
11158324579
11199320142
11234459517
11234807986
11302640361
11451277673
11452053454
11493510361
11636438954
11646617017
11650434298
11650738267
11651721173
11798537704
11877167048
11945290048
11946739986
11951434548
11951888236
11993857642
11993863548
12167531798
12167611673
12167734517
12167788673
12177817423
12192718079
12196076111
12229951454
12240180267
12240364986
12240523767
12241598204
12241776704
12248840048
12248896673
12249344486
12249396923
12249636079
12249797267
12249910517
12250021829
12250058236
12250109704
12250141017
12250164486
12250170642
12250184579
12250191954
12250224923
12250251861
12250262767
12250285361
12250292486
12250310454
12250320173
12250373517
12250411392
12250421486
12250442611
12250462611
12250472767
12250482486
12250495517
12250521892
12250532236
12250562579
12250572736
12250580829
12250595267
12250619673
12250630454
12250648736
12250679017
12250730361
12250738267
12250804923
12250819923
12250843204
12250907736
12250917173
12250984704
12251033486
12251075111
12251129579
12251306329
12251401079
12251470236
12251636048
12251769579
12251828204
12251882454
12251888736
12251977829
12252407673
12253254267
12253715579
12253805017
12253989048
12254139486
12254442267
12254511298
12254590704
12254712736
12254732236
12254813048
12254911173
12255068642
12255127704
12255222829
12255285267
12255508111
12255737392
12255796361
12255985017
12256088673
12256135173
12256655736
12256747954
12257076454
12257083736
12258187423
12258693079
12259273423
12261208111
12261400361
12261636017
12261757329
12261846517
12261967017
12262158673
12262207267
12262294454
12262335798
12262422048
12262481767
12262539111
12262611329
12262799548
12262906048
12263023704
12263152017
12263590954
12263657079
12263666392
12263733829
12263795954
12263821267
12263833361
12263874454
12263890048
12263946986
12264000829
12274269267
12274405673
12274496642
12274775142
12274873454
12274975486
12275041361
12275107204
12275233986
12275348736
12275375736
12275420798
12275456017
12275502017
12275515798
12275633486
12275709079
12275853017
12276910142
12279830017
12279890767
12280194704
12280278486
12280354704
12280466954
12280573861
12280652361
12280873642
12280950173
12281074673
12281135423
12281171579
12281184142
12281228173
12281285423
12281307267
12281315548
12281358892
12281472954
12282028017
12283023361
12284157423
12284394923
12284471392
12284541017
12284886267
12285141892
12285301017
12285369454
12285459673
12285511079
12285647548
12285720329
12285804454
12287184017
12287853798
12288000329
12288028267
12288096517
12288137079
12288186548
12288203329
12288244954
12288453642
12288590423
12288659767
12288810923
12293312204
12293411548
12293548486
12293585642
12295453204
12295835423
12295929267
12300336361
12301736548
12301864548
12301956829
12302035048
12302100548
12302203142
12302283267
12302395829
12302524986
12302582267
12302665329
12302765798
12302795392
12302869579
12302937986
12302973736
12303029829
12304155611
12304879548
12305017767
12305114298
12312523142
12312577111
12312618236
12312645767
12312715267
12312722986
12312728611
12312797048
12312805736
12312854111
12312951454
12312993892
12313104517
12315756861
12345161111
12373072923
12373278704
12373396236
12373400861
12373486861
12373612048
12373669486
12373844923
12373935861
12374052236
12374105236
12374300361
12378423704
12388100142
12388104079
12388226017
12388428111
12388519673
12388559111
12388808642
12389148173
12389901923
12390109173
12390182173
12390235142
12390298704
12390325954
12390377361
12390447142
12390478704
12390489017
12390529986
12390578392
12390656454
12390696767
12390718673
12390880642
12391450861
12391576704
12391645267
12392155017
12399406423
12399467986
12399549142
12399826861
12420782423
12425194923
12425302111
12425394236
12461789017
12461794392
12478396329
12478983892
12479511017
12479568611
12479632392
12479758079
12480654829
12481079361
12482129611
12482643861
12483031704
12483151454
12487404954
12487463517
12487555611
12487818017
12487975111
12488092017
12488375111
12488730954
12510477829
12519566861
12519738767
12519813329
12519883798
12519999361
12520266298
12520378579
12520445204
12520583829
12520668673
12527908423
12535463486
12537773173
12537813798
12537890829
12537949486
12538061704
12538164298
12538339923
12549744548
12549753954
12549845673
12549904829
12549969236
12550072361
12550115329
12550726548
12550821017
12550894486
12553126079
12553133048
12568417579
12568425611
12568569267
12568931142
12568966423
12599726579
12612277892
12612364611
12612428736
12612534111
12613190829
12659719954
12661569767
12661572892
12667705454
12697768454
12730515204
12734542017
12739603017
12750800298
12772331392
12773628861
12894797204
12894836923
12894943861
12918297173
12965373454
12965377579
12968051392
12968788423
12981006923
13023221298
13105167861
13109004298
13148272329
13148387048
13148444579
13148653736
13148795267
13148799673
13148988517
13149107111
13149233548
13149238267
13151867392
13151940736
13152023704
13152123423
13157089704
13157320986
13157405986
13157593736
13160976079
13182580267
13182590642
13263654954
13263660923
13265178454
13291242642
13291285267
13291422548
13291680954
