9039874454
9039905954
9040035673
9040733298
9040739486
9045072548
9047309673
9047323611
9048090236
9052188986
9052552298
9053242642
9057760142
9057944892
9058158548
9058204173
9058377267
9058965236
9062792236
9072711298
9077663986
9080641048
9081608236
9085726392
9085812079
9085869048
9085923923
9085948892
9086670267
9086734048
9087955267
9088051361
9089423736
9090719267
9091323048
9095915861
9101896704
9102283798
9103326361
9103828892
9104220673
9104664486
9105035111
9105152704
9105250298
9105430267
9105442611
9105567423
9105775673
9106014111
9106585017
9106924486
9107067329
9107074048
9107188017
9107279236
9107355423
9107499923
9107641361
9107752048
9107879361
9108030736
9108201923
9108344954
9108453923
9108533642
9108642767
9108787298
9108845079
9108930986
9108963986
9109132204
9111441986
9111542173
9111838579
9111928204
9112036298
9112122642
9112201892
9112304267
9112375142
9112400017
9112520736
9112715267
9112805361
9112865986
9112878486
9112889173
9113115517
9113233892
9113255954
9113310423
9113644361
9113793704
9113912048
9114074017
9114251517
9114296454
9114431704
9114470329
9114654173
9114781829
9115397673
9115633329
9115667267
9115796361
9115867548
9115874392
9115975986
9116050798
9116201079
9116294954
9116363204
9116458704
9116529954
9116710767
9116976704
9117042267
9117087923
9117163048
9117248298
9117378892
9117513861
9117661017
9117796986
9117957454
9118192204
9118323861
9118791267
9140409673
9171158361
9172754798
9173126579
9173488923
9177702361
9177754142
9177770673
9177805767
9177874173
9177993829
9178031204
9178074392
9178127048
9178140704
9178206642
9178253954
9178372861
9178964829
9178983517
9178993111
9179083267
9179123079
9179192392
9179538986
9185383767
9186494611
9187206923
9187321267
9187947861
9188036861
9188150392
9188234392
9188456267
9188503704
9188748954
9189121204
9189260861
9189290454
9189321704
9189331986
9189486329
9189539829
9189753798
9189774986
9190457142
9192202517
9192268173
9192309861
9192324329
9193276923
9194000236
9198061767
9198894642
9198905267
9198940204
9198955548
9198985579
9198996329
9203649517
9203674736
9204150892
9205407704
9210641017
9217964204
9218082767
9218098642
9218558361
9222910017
9224267579
9224494611
9224928111
9225065173
9225704204
9225717017
9225758579
9225840829
9227808173
9228938861
9228943079
9228955111
9228965954
9229009892
9229028923
9229037361
9229055798
9229080079
9229150861
9229166704
9229265329
9229750611
9229760798
9229938392
9230983454
9231064892
9234306517
9234326329
9234694923
9234953048
9235407954
9238030236
9238513454
9242268392
9243001704
9244781517
9244790986
9245477829
9245854111
9246610111
9246618048
9270058954
9270814986
9271058829
9273741048
9280699454
9282524423
9282918454
9282931204
9284858298
9286366236
9286372111
9286380829
9286389767
9286400361
9286421111
9286431798
9286543423
9286577017
9286620611
9286675111
9286682986
9286748392
9286790579
9287205361
9287220892
9289982486
9289990048
9291544329
9291756392
9291907017
9301188298
9301301392
9307174892
9308061329
9308236954
9308758673
9311092111
9311103673
9311463236
9311474892
9311502142
9311509111
9311525611
9311541579
9311549267
9311561267
9311648579
9311669392
9311942329
9312054048
9312753329
9312759267
9312767829
9312779673
9312797704
9312828517
9312955361
9313067392
9313156892
9313190236
9313209486
9313405892
9313456642
9313643986
9317674642
9318079517
9318117486
9318144611
9318248892
9318954736
9325828673
9329599423
9329609704
9329618736
9329689923
9329695392
9329730423
9329811954
9329855111
9329884392
9329943048
9330061267
9331180892
9331193798
9334464142
9334814767
9335143861
9336173111
9336194923
9336206954
9336356298
9337793517
9337801142
9342293392
9342432517
9342689486
9346222611
9354139611
9363645829
9363652048
9363773517
9363923923
9363949329
9365029954
9365184017
9365254486
9365467423
9366673517
9377905048
9392958923
9403616673
9410631736
9431186829
9431218704
9431432611
9431439298
9431808361
9431868986
9432104517
9432227861
9432343829
9432481923
9432665204
9437553892
9437621829
9437656704
9437756611
9437847486
9437878392
9437932548
9437999142
9438442767
9438463267
9438485361
9438518329
9438552579
9438563861
9438586986
9438658173
9438688861
9438703736
9438745611
9438776923
9438789048
9438828298
9438923736
9438930923
9438986923
9439056736
9439072798
9439176517
9439278517
9439611392
9439830079
9440380423
9440489704
9441641704
9443220361
9443798642
9443813298
9443994423
9445698329
9446164204
9446174423
9450250204
9455424454
9459662486
9460024673
9464620423
9464866517
9468117548
9473362361
9473374454
9478941204
9478948236
9479138017
9479147017
9479210611
9479296236
9479659454
9479911673
9480472486
9480482861
9480745142
9485908298
9493726767
9493732142
9493743236
9493761861
9493857673
9493949798
9494201892
9494385079
9494641236
9496144298
9496213142
9496248923
9496304611
9499327829
9499449673
9502107361
9502499798
9502614579
9502625267
9502633298
9502641861
9502651736
9502719673
9502784079
9502817892
9502920517
9502992142
9504020923
9504026829
9511408361
9512027673
9512367923
9512388673
9513234736
9513252548
9513348079
9513504048
9516737079
9520279923
9520347173
9520365423
9520418892
9520509079
9520541986
9520649329
9520732079
9520784954
9520838392
9520853642
9520921954
9520940423
9520948579
9521003579
9521075829
9521289861
9521378298
9524468048
9529377142
9530024829
9530495361
9530636548
9531526767
9534384204
9544040954
9544091673
9545246329
9545354611
9545359298
9546595142
9547588861
9547618923
9547749517
9548718392
9548789361
9548897329
9550466579
9550749892
9551669142
9551994517
9553949798
9556854548
9556861454
9556885986
9561716486
9561767611
9561783736
9561854642
9561873048
9563201111
9565952579
9569665767
9576610454
9576821736
9594915923
9598531986
9598977861
9624042704
9625476954
9625550017
9625940298
9626043923
9628576111
9629488298
9629525579
9629607298
9630075579
9630225298
9630320267
9630449454
9630998173
9631129329
9631232204
9632022454
9637795048
9640547954
9641424204
9641434079
9642619267
9642624079
9642629736
9643815704
9644069267
9644550829
9644660392
9644715329
9644733861
9644773986
9644782954
9644832892
9644849236
9644864611
9646023517
9646817923
9646823329
9646832611
9646846392
9646858923
9646869454
9646967829
9647224392
9647343548
9647847454
9647851798
9648837548
9654023704
9666144704
9666216673
9666721111
9666806829
9668228392
9668807142
9673813611
9689546767
9714532298
9715257517
9715295611
9715312017
9715320642
9715419329
9715652798
9718934673
9721194829
9727234517
9731467111
9731519829
9734956986
9735143048
9735421611
9735733923
9735816767
9735826361
9736160517
9737177798
9737799829
9737956329
9738117111
9738125048
9738134111
9738174454
9738194861
9738199829
9739079236
9739123642
9739154486
9739174954
9739184548
9739256361
9739345829
9739444673
9739458173
9740817079
9743942954
9744077142
9744357048
9748736454
9751315673
9751423954
9752369236
9752485048
9753282236
9753404736
9753788111
9753946204
9754770361
9754827736
9754857798
9754868298
9754934454
9755069423
9762578048
9768681517
9769426611
9769432673
9770898579
9770909954
9782635861
9782795798
9783598423
9783839986
9783931204
9788514048
9788618142
9789596798
9790704548
9791516861
9792807329
9793423079
9793548954
9793811173
9793975236
9794258486
9796727579
9796936111
9798169986
9799194267
9799269548
9799558111
9799660548
9799752079
9799842798
9799930111
9801092986
9801417611
9801800173
9806629204
9806724298
9807019142
9807103079
9807219954
9807325392
9807411829
9807581111
9807643892
9808172829
9808442892
9808481954
9808594861
9818982736
9824249642
9824400142
9829302736
9829386298
9830665673
9833852798
9834019861
9834107579
9834188048
9834315798
9834366548
9834464611
9834527111
9834909486
9835677548
9835750079
9836062579
9836736829
9838316954
9838710986
9839202673
9840790486
9840908173
9841145392
9841278704
9841347923
9841404236
9841517111
9841637142
9841734892
9841913517
9841965923
9842061892
9842079079
9842123267
9842197673
9842213673
9842249204
9842263642
9842290548
9842376798
9842487361
9842539611
9842625673
9842741986
9842805861
9842827579
9842882767
9842953173
9843026767
9843126892
9843140517
9843159986
9843196861
9843259423
9843311892
9843328923
9843348236
9843376267
9843393392
9843418236
9843568392
9843673986
9843831861
9843936548
9843999798
9844095579
9844163642
9844229986
9844288767
9844308267
9844582579
9845140861
9845338611
9845459517
9845555954
9845676017
9845689048
9846052017
9846274579
9846620736
9846687236
9846725954
9846824829
9846917017
9847064829
9847196329
9847301704
9847361267
9847538111
9847770923
9850343017
9850570048
9851033298
9851149423
9852119236
9885939048
9900664579
9902298517
9902713673
9908593454
9912649392
9912745548
9913507829
9913512829
9913598986
9917078392
9918020704
9921280548
9921285642
9922847454
9928021923
9928325329
9928593204
10005328079
10005576767
10005591736
10005708454
10006154579
10006291048
10006388736
10006607329
10006760204
10006859579
10007277923
10007345048
10007518986
10007766423
10007845704
10008199267
10008757798
10009083611
10009155298
10009256829
10009730954
10009819923
10010321798
10010687736
10011432236
10011732611
10011771986
10011947423
10012085517
10012287423
10012731798
10013905361
10015115861
10015477079
10015755423
10017711142
10019036267
10021081798
10022379829
10022466204
10023386548
10024194486
10027296048
10027517673
10043609454
10053024173
10053384361
10053790173
10053935736
10056563392
10056888454
10057108798
10057232048
10057493986
10058640767
10058925579
10059698892
10060014673
10060161329
10060860079
10061244954
10068803829
10074005298
10074451517
10075660079
10078783392
10078883267
10079204392
10080803079
10081261111
10082930798
10084169704
10084655892
10084822861
10084972298
10085080517
10085225579
10085321173
10085433111
10085512829
10085685548
10085847548
10086103829
10086462423
10087135486
10087276236
10087347954
10087470986
10087666611
10087895923
10087968829
10088045611
10088102017
10088121861
10088175861
10088199204
10088300079
10088372142
10088414173
10088510111
10088672642
10088804454
10088955517
10089068548
10089202829
10089386454
10089479673
10089500517
10089711798
10089897611
10089931767
10090016517
10090046423
10090156017
10090182392
10090225298
10090309204
10090361173
10090428017
10090478736
10090539986
10090558173
10090591267
10090675486
10090699267
10090728142
10090737548
10090750986
10090795111
10090843111
10090863142
10090873736
10090904048
10090949017
10090965267
10090989517
10091108642
10091188329
10091201454
10091259111
10091273673
10091304986
10091378704
10091439111
10091488954
10091525329
10091537392
10091563611
10091666392
10091711142
10091766454
10091804673
10091857923
10091869579
10091880986
10091942798
10091967798
10091985236
10092008454
10092029298
10092041267
10092057236
10092069642
10092124454
10092138829
10092163517
10092188236
10092213142
10092243829
10092293173
10092367923
10092413642
10092426673
10092500236
10092510267
10092528548
10092562611
10092580236
10092595673
10092630579
10092643579
10092691954
10092847986
10092892236
10092947236
10093037236
10093071173
10093084954
10093110392
10093140017
10093219204
10093241017
10093317017
10093340361
10093371892
10093415829
10093482767
10093502986
10093521298
10093592079
10093677548
10093706204
10093747829
10093761954
10093776517
10093799798
10093823579
10093848079
10093878423
10093918954
10093998048
10094004673
10094097517
10094153736
10094168829
10094237673
10094274767
10094334392
10094369298
10094454579
10094524173
10094554767
10094632986
10094666798
10094702423
10094744861
10094772267
10094894736
10094910861
10095001486
10095077111
10095128142
10095203079
10095249861
10095329173
10095398173
10095436454
10095451329
10095531173
10095621704
10095697923
10095768798
10095788423
10095894329
10096012548
10096041829
10096150611
10096172579
10096273329
10096346142
10096394142
10096458392
10096494079
10096563142
10096608361
10096625236
10096638673
10096704079
10096713048
10096761361
10096836704
10096846829
10096891267
10096906048
10096984111
10097001236
10097017986
10097059236
10097127392
10097163079
10097224454
10097283986
10097295298
10097315236
10097401267
10097505579
10097562298
10097630673
10097691204
10097737361
10097764267
10097859986
10097963954
10098051173
10098078829
10098089892
10098166173
10098180954
10098243611
10098253017
10098284829
10098317923
10098359236
10098395111
10098403798
10098438392
10098456111
10098477954
10098775767
10099112642
10099291017
10099542548
10099761454
10100345017
10100998486
10102266267
10102665111
10102671736
10102794454
10102892517
10102982392
10103102267
10103147142
10103208736
10103268204
10103307236
10103319017
10103442423
10103568392
10103671642
10103759142
10103845642
10103950548
10104060579
10104071486
10104187142
10104239423
10104335392
10104419079
10104469798
10104477017
10104510423
10104590673
10104605423
10104635704
10104643392
10104658736
10104678673
10104713423
10104862142
10104917923
10104925923
10104948798
10105117204
10105279611
10105360454
10105399392
10105406954
10105524142
10105662611
10105748204
10105801329
10105960204
10106058454
10106170392
10106254079
10106354736
10106364329
10106381361
10106519548
10106576798
10106614048
10106623986
10106665861
10106692642
10106751048
10106762298
10106794329
10106813548
10106942236
10106972298
10107130548
10107187017
10107207736
10107215767
10107266517
10107289392
10107296798
10107380361
10107399829
10107504923
10107572923
10107629673
10107638986
10107657017
10107673986
10107725517
10107785923
10107827611
10107847111
10107913329
10107935454
10107981361
10107996767
10108104798
10108153704
10108177954
10108284329
10108386923
10108414111
10108447142
10108558204
10108580642
10108680673
10108704454
10108726704
10108785454
10108842423
10108915423
10109047673
10109106173
10109138423
10109161423
10109257861
10109290986
10109299548
10109480736
10109541923
10109620579
10109694579
10109728173
10109816111
10109983236
10110063548
10110078204
10110139142
10110217236
10110369798
10110490829
10110522517
10110543329
10110651392
10110717829
10110747704
10110784673
10110874736
10110887798
10111002486
10111070079
10111207423
10111314673
10111398642
10111504079
10111595486
10111740142
10111833517
10111857954
10111865579
10111928079
10111944204
10112024704
10112082267
10112147798
10112169673
10112184017
10112326548
10112375423
10112384204
10112433673
10112447673
10112469986
10112492642
10112555767
10112609111
10112678298
10112887736
10113059111
10113074579
10113090111
10113368111
10113461673
10113711517
10113841673
10113923642
10114026673
10114072392
10114081267
10114149611
10114304017
10114392204
10114442642
10114528361
10114549267
10114700454
10114804923
10114845704
10114941017
10115082642
10115207892
10115267923
10115529142
10115629392
10116215329
10116324486
10116460892
10116789923
10116946767
10117195548
10117206267
10117468017
10117641517
10117729392
10117942798
10118025204
10118046079
10118100423
10118248923
10118277829
10118353142
10118423892
10118441954
10118470111
10118578517
10118658173
10118719861
10118826423
10119065298
10119106329
10119202642
10119228673
10119345892
10119527079
10119555017
10119690829
10119826986
10119895798
10119983329
10120112611
10120208954
10120336017
10120454923
10120529204
10120542798
10120573361
10120696704
10120883111
10121104204
10121198673
10121263736
10121501517
10121556736
10121706736
10121794111
10121894673
10122080173
10122423673
10122643736
10122745736
10122759704
10122972048
10122991579
10123080111
10123120048
10123215048
10123396454
10123510017
10123608798
10123670204
10123815329
10123966892
10124054986
10124315392
10124409392
10124542829
10124742892
10125145423
10125289392
10125480986
10125667798
10125851517
10126483329
10126634548
10127602986
10127707736
10127872392
10128386236
10128524861
10130217704
10130410986
10130518048
10130707486
10130813923
10130917954
10131012923
10131454673
10131624704
10131767517
10131901923
10132119798
10132618298
10132712486
10133122329
10133518704
10133627736
10134471704
10135279079
10135414517
10135628954
10136976986
10137093017
10137143017
10137159923
10137259454
10137286361
10137397079
10137409173
10137564142
10137659954
10137677704
10137790486
10137991704
10138164517
10138314642
10138451642
10138580111
10138670579
10138788861
10138915861
10138930267
10139038173
10139154361
10139255986
10139316986
10139870486
10140351454
10140400892
10140495236
10140571642
10140713861
10140767986
10140856298
10140951423
10141046923
10141080892
10141240454
10141323454
10141336829
10141473704
10141769142
10142220392
10142402861
10142552548
10142833329
10143059736
10143141486
10143263236
10143391173
10143485798
10143603048
10143802017
10143849017
10144064173
10144136486
10144323017
10144442736
10144614861
10144796142
10145081454
10145217611
10145330861
10145707548
10145863611
10145949267
10146186954
10147632017
10148644642
10149182517
10149196236
10149405829
10149803829
10149897142
10150027048
10150274892
10150842954
10151000642
10153653829
10155164923
10155490204
10155538454
10155611423
10155929986
10156176611
10156479236
10156693454
10156758704
10156849767
10157877517
10159359454
10160126829
10160278704
10160975986
10161229954
10162360704
10162477798
10162772829
10163900236
10164488704
10164647767
10165009673
10165260236
10165269392
10165351486
10165411079
10165543298
10165617579
10165754704
10167440798
10168781329
10168860923
10168942017
10169033798
10169147173
10169378329
10171909486
10172349548
10172532767
10172782892
10173532423
10179549892
10179719454
10179821923
10180537579
10180950079
10185520079
10185613111
10186295892
10186419642
10186558579
10186750298
10186887236
10186933111
10187260142
10189407423
10189515017
10189702142
10189965642
10190361392
10190951986
10191074892
10191205329
10191287423
10192937767
10193047517
10194030236
10194281954
10194402892
10194516798
10195375829
10196590704
10199612798
10199813829
10199944267
10200028736
10200290329
10200398923
10200463361
10200571111
10200834079
10201048079
10201318923
10201761767
10201871486
10201952767
10202057111
10202119204
10202209861
10202306361
10202400642
10202511079
10202572642
10202609079
10202665642
10202735204
10202831236
10202911986
10202989392
10203022642
10203100798
10203193173
10203242017
10203362361
10203439329
10203515236
10203623079
10203652173
10203707986
10203729454
10203792954
10203846798
10203934298
10203956017
10204058329
10204140736
10204234611
10204307173
10204408798
10204522392
10204594861
10204644236
10204725861
10204804111
10204855548
10204927392
10205011704
10205130673
10205221298
10205376642
10205568392
10205719517
10206057204
10206117611
10206249923
10206460111
10206565736
10206643923
10206644736
10206758048
10206919236
10207060017
10207107236
10207183954
10207344548
10207453204
10207531829
10207605017
10207712861
10208028673
10208207392
10208290736
10208513048
10208572548
10209072017
10209134923
10209290079
10209363329
10209439642
10209555392
10209618298
10209662017
10209799142
10209919611
10210204392
10210251486
10210342673
10210398173
10210477017
10210529548
10210606548
10210698048
10210741142
10210846267
10210916548
10210994704
10211041454
10211053298
10211130048
10211187736
10211263861
10211310986
10211435829
10211487267
10211603673
10211688517
10211786548
10211910642
10211969017
10212027861
10212069204
10212097423
10212146298
10212206267
10212260954
10212310736
10212415267
10212443548
10212513361
10212631548
10212724767
10212909611
10212992361
10213081111
10213192892
10213336267
10213448642
10213734579
10213869798
10213984111
10214135423
10214177329
10214248017
10214283236
10214324611
10214390423
10214425392
10214479236
10214516423
10214603923
10214623486
10214699579
10214741673
10214755923
10214877829
10214962923
10215235392
10215338704
10215445517
10215553861
10215624642
10215693423
10215719798
10215795486
10215839329
10215920736
10215989173
10216036298
10216195517
10216308423
10216434298
10216510079
10216656642
10216748173
10216843923
10216857423
10216979673
10217045361
10217250923
10217299642
10217511767
10217642267
10217734798
10217872392
10217937423
10217977298
10218098392
10218243267
10218328923
10218466173
10218563704
10218711204
10218752267
10218885892
10218992173
10219131017
10219224861
10219317673
10219604173
10219837079
10220049673
10220138954
10220259954
10220309673
10220353361
10220461736
10220604204
10220683048
10220735173
10220822048
10220887548
10220931329
10221010829
10221103454
10221112486
10221248642
10221375236
10221484798
10221716829
10221820079
10221887673
10221975673
10222068704
10222167798
10222238954
10222343048
10222377736
10222569454
10222693267
10222775329
10223119298
10223460392
10223551111
10223597423
10223907017
10224236329
10224315486
10224403454
10224489673
10224848173
10225008579
10225153954
10225312642
10225467267
10225627611
10225756423
10226145017
10226233736
10226422454
10226518923
10226608423
10226651392
10226781236
10226791236
10226936767
10227348048
10227486611
10227556173
10227639079
10227706079
10227763392
10228077954
10228221892
10228343798
10228461673
10228824079
10228905829
10229080142
10229322798
10229581329
10229739579
10229798673
10229858079
10229940048
10230060079
10230192861
10230558048
10230893736
10231053298
10231366423
10231636423
10231862736
10231949579
10232025548
10232062986
10232805642
10233053486
10233432829
10233518454
10233581017
10233647204
10233740454
10233864298
10234077704
10234156642
10234255704
10234378111
10234479454
10234787048
10234939673
10235069392
10235218517
10235353611
10235464923
10235561142
10235575579
10235666673
10235764611
10235867923
10235913736
10235969579
10236004642
10236051517
10236095267
10236156454
10236201704
10236253204
10236318236
10236376329
10236389986
10236457798
10236489798
10236525892
10236595736
10236619298
10236645454
10236702923
10236709673
10236793204
10236843142
10236881829
10236941173
10236976798
10237068486
10237121173
10237177423
10237205017
10237216079
10237236423
10237319673
10237328236
10237352923
10237399798
10237412204
10237424423
10237438236
10237464486
10237486048
10237512986
10237607017
10237625517
10237695611
10237783392
10237859204
10237871048
10237891798
10237952548
10237977173
10237985236
10238032829
10238079204
10238113954
10238149111
10238157236
10238192048
10238256736
10238294986
10238344392
10238385892
10238401704
10238436579
10238476173
10238501236
10238512861
10238537673
10238561923
10238594611
10238636548
10238652798
10238663954
10238690548
10238710798
10238783079
10238810611
10238849048
10238900986
10238947798
10238973611
10239004517
10239015204
10239045954
10239054111
10239084548
10239095079
10239118704
10239130642
10239154204
10239242704
10239281329
10239302361
10239342923
10239354017
10239394236
10239415736
10239460423
10239492673
10239551204
10239565392
10239601642
10239610767
10239630829
10239663767
10239711611
10239741829
10239791486
10239822829
10239832673
10239929048
10239945142
10239961392
10239990298
10240104954
10240170267
10240214642
10240259517
10240278736
10240299892
10240363798
10240405517
10240471673
10240501392
10240514486
10240573861
10240622048
10240644517
10240685798
10240699361
10240736392
10240756017
10240791048
10240807986
10240824173
10240870017
10240902329
10240941392
10240955486
10241004767
10241016017
10241065017
10241093798
10241155548
10241280923
10241292329
10241406829
10241469392
10241497986
10241539704
10241545517
10241568673
10241584736
10241746923
10241811142
10241906611
10241946579
10241957611
10242062454
10242093017
10242143423
10242178361
10242253298
10242380923
10242451361
10242464298
10242483111
10242631173
10242647517
10242734142
10242805954
10242828642
10242856173
10242909517
10243036486
10243068111
10243112079
10243130392
10243160298
10243267704
10243321798
10243442517
10243489704
10243583767
10243662986
10243768017
10243785298
10243891829
10243936704
10243998361
10244063298
10244155329
10244180173
10244209829
10244272548
10244351048
10244362798
10244552048
10244607079
10244705704
10244784079
10244800236
10244806454
10244859579
10244878454
10244911079
10244964704
10245026361
10245079454
10245139048
10245226798
10245248954
10245334361
10245374861
10245404517
10245431798
10245505423
10245519704
10245551517
10245639454
10245650173
10245706048
10245745892
10245767517
10245861298
10245896923
10245961392
10245994236
10246063767
10246144142
10246195579
10246253236
10246297548
10246342329
10246425204
10246495486
10246503861
10246632267
10246708298
10246903329
10246993736
10247083673
10247331454
10247458329
10247613486
10247810861
10247850392
10247861861
10248027892
10248134829
10248644079
10248738454
10249007486
10249172829
10249411986
10250119673
10250854861
10251278986
10251771579
10251958923
10252860704
10253203548
10253277861
10254163704
10254219986
10254412517
10255019923
10255119454
10255226423
10255482486
10255597923
10255616486
10255770642
10256084892
10256165017
10256445423
10256676204
10256960704
10257060111
10257648798
10257833079
10257973423
10258081048
10258148767
10258269361
10258313548
10258396454
10258573111
10259265173
10259381392
10259864611
10259997767
10260064423
10260143017
10260388173
10261653173
10261809736
10262505079
10262746861
10262784454
10262851392
10262957892
10263032579
10263202704
10263410861
10263443017
10263514173
10263609892
10263726392
10263771829
10263881486
10263889517
10263988517
10264057486
10264192267
10264288673
10264417736
10264437486
10264532423
10264550392
10264733423
10264819548
10264906611
10264956829
10265021454
10265105673
10265155079
10265209423
10265315111
10265365736
10265404173
10265544173
10265688861
10265711142
10265831267
10266007642
10266095798
10266259892
10266405704
10266439017
10266666017
10266755361
10267247079
10267577579
10268021142
10268071861
10278685517
10279456548
10281602204
10282367204
10282587454
10282872892
10283085517
10287499329
10288136204
10288233454
10288321986
10288440986
10288496236
10288751111
10288886392
10289452986
10289609361
10289711892
10289801736
10289886642
10289944611
10290025611
10290137798
10290555392
10290643673
10290839173
10291049111
10291119829
10291267423
10291318486
10291358486
10291429298
10291570954
10291623736
10291709423
10291834079
10291840267
10291888829
10291901173
10291962486
10291971173
10292001579
10292046704
10292108642
10292143298
10292161892
10292209767
10292253736
10292322673
10292345048
10292381423
10292420486
10292437017
10292446236
10292465517
10292477392
10292489923
10292516986
10292552736
10292573704
10292640736
10292668329
10292698423
10292713329
10292732329
10292772829
10292788861
10292811642
10292832079
10292869173
10292889454
10292948454
10293028579
10293084548
10293148767
10293207111
10293250236
10293299673
10293351954
10293372236
10293412017
10293497079
10293537548
10293575486
10293630329
10293674829
10293710048
10293759017
10293775673
10293841579
10293857361
10293934767
10293954392
10294016423
10294059954
10294069486
10294159829
10294208673
10294275767
10294286079
10294391611
10294436204
10294482861
10294514361
10294566486
10294683392
10294695173
10294728642
10294764642
10294837892
10294868611
10294972236
10295064861
10295136923
10295249423
10295277923
10295288204
10295297204
10295394548
10295424236
10295501923
10295538861
10295598204
10295661454
10295750923
10295832267
10295914017
10295946767
10296074861
10296115423
10296162111
10296239704
10296249767
10296346017
10296364392
10296422673
10296509454
10296609048
10296671236
10296755111
10296775517
10296859892
10296940517
10296993611
10297059079
10297070642
10297157892
10297259642
10297299486
10297335642
10297414298
10297461486
10297472486
10297481954
10297546986
10297584861
10297602861
10297693204
10297781392
10297884298
10297974236
10298017642
10298109423
10298198361
10298249923
10298294642
10298370704
10298439548
10298496798
10298517204
10298596892
10298609736
10298670611
10298682267
10298695329
10298726454
10298760173
10298904298
10298977048
10299035954
10299085267
10299176829
10299299579
10299387736
10299439079
10299576954
10299719392
10299793704
10299800923
10299883017
10299965767
10300028548
10300101423
10300129923
10300188361
10300220767
10300236423
10300283579
10300323329
10300400829
10300532517
10300686173
10300729548
10300839704
10300947236
10301234079
10301320548
10301771267
10302099142
10302497298
10302628954
10302941173
10303218829
10303403267
10303823861
10304174423
10304837298
10305000767
10305096986
10305200267
10305410892
10305533892
10305638986
10305693704
10305811798
10306209548
10306353892
10306470329
10306511892
10306637517
10306832892
10306912361
10307157673
10307252267
10307291204
10307404048
10307537486
10307557329
10307631673
10307770173
10307901392
10307959611
10308096548
10308191892
10308251579
10308546611
10308596329
10308668267
10308817298
10308865829
10309140298
10309265892
10309521173
10309575798
10309665736
10309903048
10310139579
10310709111
10310746423
10311077611
10312335204
10319505423
10322266486
10332730517
10333611798
10336049767
10344821954
10345042329
10345390767
10345553236
10345699423
10346337048
10346647861
10352301423
10352414736
10353190642
10353427204
10358504017
10359988736
10360895798
10361280954
10361398829
10361757017
10361938204
10364823392
10365733111
10366254829
10366505329
10366710048
10366801486
10367130454
10371246267
10371290361
10371399923
10371543642
10371632298
10371686454
10371795392
10371913579
10371987548
10372053517
10372090204
10372197142
10372317048
10372369548
10372447517
10372551298
10372600798
10372715329
10372775236
10372859611
10372905111
10372933548
10372972517
10372986486
10373014548
10373054673
10373086204
10373140236
10373171548
10373185267
10373198829
10373210454
10373297642
10373335642
10373372736
10373406611
10373456642
10373494048
10373503673
10373552392
10373567673
10373592173
10373679923
10373721954
10373765673
10373849173
10373910423
10373953267
10374011111
10374081892
10374140954
10374158111
10374183392
10374297392
10374308079
10374369079
10374399736
10374487204
10374547986
10374602361
10374668798
10374703111
10374760798
10374800767
10374845704
10374859298
10374909954
10375043954
10375172548
10375263861
10375335892
10375480423
10375512954
10375616736
10375670079
10375752767
10375822454
10375913954
10376091923
10376118798
10376365548
10376552486
10376702642
10376848048
10377081454
10377131579
10377229048
10384432173
10384688548
10384858329
10385004829
10385179517
10385382736
10385708923
10387103017
10387238767
10387329642
10387670298
10387773767
10388089329
10388345454
10388469142
10388599611
10388740736
10389134517
10389304548
10389458923
10389560986
10389610236
10389720611
10389996267
10390205861
10390429829
10390584454
10390738454
10390856486
10391105892
10391814267
10391979236
10392542423
10393041704
10393464798
10394078486
10396089204
10396350611
10396454798
10396604236
10397842923
10398374767
10398466298
10398547892
10398606611
10398701298
10398851486
10399004673
10399250704
10399344454
10399431454
10399962298
10400501486
10417245704
10417819579
10418264017
10418415892
10418534923
10419069017
10419633548
10420340548
10420609079
10420680079
10420861079
10420875486
10421066579
10421147673
10421617923
10421767142
10421886673
10421985642
10422286767
10422957517
10423093298
10423590704
10423726548
10423846079
10424090923
10424188142
10424247486
10424303298
10424395423
10424406798
10424629142
10424707111
10424787111
10424843673
10424982517
10425084392
10425280236
10425385361
10425599798
10426001829
10426073829
10426155923
10426452954
10426561954
10426591111
10427099079
10427190111
10427275111
10427284579
10427384486
10427603048
10427792954
10427838673
10427891704
10427985923
10428046517
10428115642
10428220142
10428255142
10428305329
10428389642
10428396173
10428458361
10428483173
10428541548
10428567267
10428618329
10428685392
10428765798
10428792579
10428802454
10428824954
10428849517
10428930579
10428984736
10429063267
10429150954
10429197361
10429244423
10429301736
10429316236
10429366736
10429434048
10429513736
10429531048
10429608361
10429669736
10429713298
10429905173
10429970361
10430026111
10430128642
10430262486
10430360142
10430440673
10430642392
10430702298
10430819298
10430935486
10431125079
10431226673
10431298829
10431395611
10431453736
10431508548
10431599454
10431652673
10431894486
10432027048
10432196736
10432276829
10432431392
10432501579
10432583892
10432814267
10433058548
10433142267
10442327298
10443864204
10443999204
10444167798
10444294954
10444396861
10444476361
10444674611
10444736111
10444860173
10444951173
10445031111
10445135736
10445221361
10445278017
10445358954
10445771736
10445830798
10445898048
10446131704
10446275392
10446491173
10446921548
10447188548
10447316173
10447393454
10447660486
10447769611
10447847204
10447998798
10448475736
10448775423
10448883642
10449093267
10449192829
10449301829
10449589361
10449640204
10449664548
10449672048
10449791298
10449948986
10450046204
10450153517
10450310642
10450564142
10451216267
10451345142
10451936892
10452197361
10452449892
10452456548
10452877111
10452999829
10453155861
10453524767
10453820267
10454132298
10455017204
10455174892
10455679048
10456527454
10456719611
10457213767
10457429423
10457760736
10458054048
10458154986
10458720986
10458928111
10459168329
10459417923
10459494986
10459627392
10459699298
10459831142
10459877736
10460710767
10492098329
10492187829
10492550361
10492829142
10492965642
10493491329
10494889673
10495074298
10495132892
10495263048
10495327517
10495431423
10495939361
10498792923
10499152392
10499392517
10504098704
10505628611
10506077392
10507882142
10512146798
10512428548
10512736392
10513162142
10513509204
10513784079
10513883142
10513947517
10514020111
10514150767
10514209861
10514428704
10514520111
10514883267
10514971861
10515486829
10515591454
10515679298
10515779423
10516011673
10516116079
10516245642
10516269267
10516392986
10516491923
10516590829
10516772329
10516864767
10517352579
10517583267
10517729579
10517924986
10518032111
10518085892
10518172267
10518242423
10518326986
10518376923
10518422204
10518472204
10518488017
10518558767
10518595017
10518611736
10518668798
10518678048
10518742204
10518750017
10518769017
10518823767
10518879236
10518958329
10518971611
10519028142
10519080579
10519141642
10519230923
10519293736
10519508673
10519577454
10519657892
10519704517
10519740642
10519860454
10519991579
10520042798
10520116517
10520187548
10520260829
10520295611
10520361704
10520432986
10520571486
10520625486
10520698579
10520758423
10520855954
10520868267
10521079736
10522008423
10522558861
10522702673
10529005423
10529074111
10529190079
10529632111
10529657548
10529915017
10530049236
10530141048
10530313829
10532134892
10535168454
10537229704
10537376736
10537895798
10537905142
10538141204
10538395767
10538684829
10539819173
10542141986
10542268798
10542355829
10542438142
10542507704
10542599079
10542738361
10543218798
10543490173
10543987236
10544068267
10544212423
10544304486
10544395798
10544534454
10544661079
10544781204
10544949361
10545211079
10545373798
10545963829
10546282454
10546425486
10546524736
10546685579
10546831986
10547009579
10547412923
10547574548
10548059142
10548204579
10548348517
10548451111
10548535392
10548634829
10549025517
10549287142
10549592923
10549750361
10549857517
10550024579
10550732892
10551556173
10552125517
10552344986
10552555111
10552693829
10552805642
10552910798
10552969048
10553101611
10553357923
10553465236
10553598361
10553639923
10553681267
10553737861
10553786704
10553841548
10553896486
10553941642
10554013454
10554041673
10554078267
10554087673
10554119923
10554128236
10554193579
10554232267
10554249361
10554260611
10554277548
10554284798
10554304298
10554326173
10554373486
10554440611
10554446454
10554478423
10554500954
10554526392
10554537361
10554548954
10554583204
10554591954
10554624861
10554650579
10554669579
10554678329
10554707298
10554738048
10554760454
10554813798
10554833517
10554880861
10554957579
10554970673
10555024454
10555067111
10555088361
10555122986
10555146173
10555183736
10555210767
10555227736
10555265298
10555282111
10555305954
10555428892
10555548861
10555626017
10555722954
10555757579
10555821423
10555886798
10555929548
10556023986
10556115892
10556207173
10556331861
10556453392
10556538767
10556651767
10556701986
10556724017
10556818829
10556884923
10556974704
10557060923
10557139829
10557288486
10557545829
10557651017
10557819173
10558022673
10558284642
10558329204
10558411954
10558681673
10559018392
10559475954
10560810673
10563568048
10563685923
10570852829
10573175048
10574693298
10575347267
10575735298
10576131173
10576253923
10576415423
10576550548
10576850736
10577011642
10577116454
10577396079
10577490111
10577589204
10578558048
10579640861
10581053111
10582525017
10584791704
10585292079
10585550611
10586078423
10588364329
10588742486
10588799017
10588890423
10588957079
10589089329
10589287861
10589537329
10589814423
10589905642
10590052267
10590217329
10590742861
10595298204
10595511892
10595635392
10595783361
10595899704
10596104829
10596229673
10596532423
10596772892
10597066142
10599085829
10599157079
10599265236
10599448892
10599494611
10601548079
10601795361
10601999048
10602474954
10602688204
10602720548
10603481829
10607203298
10610623048
10611358954
10614313329
10615587923
10617911923
10619709673
10619823829
10620934329
10620994173
10622218954
10623634736
10626441048
10628891173
10631541767
10632308892
10632318798
10632406423
10632459704
10632565298
10632700517
10632721923
10632841173
10632904767
10632940454
10632972892
10633054079
10633063048
10633116517
10633152579
10633187236
10633243892
10633282611
10633293079
10633344048
10633445611
10633497236
10633545704
10633594017
10633604423
10633674048
10633703923
10633755611
10633774423
10633811173
10633841861
10633893986
10633903173
10633959673
10634019236
10634042736
10634050079
10634197486
10634297579
10634401548
10634410423
10634524392
10634592423
10634616236
10634696861
10634774673
10634868829
10634967517
10635086142
10635167579
10635308642
10635372611
10635433392
10635534736
10635561829
10635647111
10635710454
10635782361
10635875454
10635902923
10635967673
10636044267
10636103923
10636116829
10636176736
10636224579
10636308923
10636369173
10636592642
10636701923
10636875673
10637033579
10637759611
10641988079
10643699329
10644488173
10645579829
10645787173
10646918767
10647387861
10647489204
10648065017
10648125423
10648275361
10648476392
10648559142
10648688017
10649260486
10649583204
10649864923
10649895829
10650078017
10650528173
10653566173
10655034579
10658275423
10658966517
10659874829
10663496079
10668185017
10668337361
10668553048
10668786173
10668874673
10669233798
10669437548
10669803079
10669878142
10670076267
10670275048
10671759454
10673545142
10673747204
10673842423
10673891829
10673956923
10674007392
10674061673
10674103986
10674157392
10674216954
10674284829
10674322954
10674362986
10674410829
10674427079
10674492298
10674537361
10674564704
10674609829
10674616642
10674624548
10674640954
10674657454
10674746611
10674903954
10674968548
10675075923
10675141486
10675223954
10675309767
10675427361
10675487829
10675607767
10675694798
10675887298
10675973829
10676074517
10676171923
10676262861
10676692611
10687026767
10687591548
10687708454
10687874767
10688009392
10688137454
10688385079
10688616954
10688804829
10689273454
10690070079
10690175454
10692758767
10693744798
10702791548
10715295204
10716190736
10722431173
10722929048
10725098048
10725234236
10725665829
10726089486
10726238642
10726331454
10726583329
10727283954
10728115454
10728837486
10729301142
10729505048
10729810954
10729923767
10730180048
10730991329
10731155236
10731229017
10731318767
10731385329
10731447486
10731491986
10731556767
10731588486
10731626079
10731667923
10731730767
10731851517
10731936204
10732005767
10732184423
10732197079
10732342923
10732497548
10732602423
10733021611
10733141048
10733216798
10733273111
10733354361
10733432923
10733460079
10733588923
10733672704
10742209423
10742485611
10743644861
10743752423
10743764142
10746336892
10746647173
10748289267
10748404517
10748809017
10748922236
10749586673
10750060142
10751143048
10751350892
10751449173
10752164079
10752280173
10754913454
10754923861
10755123048
10755269954
10755280423
10755556798
10756616986
10756799486
10756958736
10757958204
10759422798
10759505579
10763016267
10763155517
10763241673
10763449986
10763886298
10764284861
10766435111
10766549298
10766664642
10766705142
10766821673
10766863517
10766949329
10766996548
10767031111
10767113298
10767152329
10767206454
10767211454
10767271298
10767308329
10767338361
10767379361
10767390986
10767408204
10767453454
10767467829
10767512079
10767608517
10767666642
10767724392
10767766236
10767851486
10767934579
10768040392
10768115923
10768231361
10768403798
10768459173
10768533704
10768601673
10768720486
10768761704
10769034892
10769120142
10769131579
10769382142
10769546423
10769654142
10769919142
10780223486
10780494298
10780624548
10780793923
10781016486
10784929954
10799105236
10799387892
10799476392
10799604798
10801644954
10813957829
10814717298
10817331704
10817936892
10819656954
10820026173
10820040298
10820161204
10820287048
10820461111
10820525079
10820711236
10820852079
10821324829
10821415767
10821537048
10821747142
10821854579
10821936267
10821986111
10822072204
10822131829
10822308954
10822372111
10822467329
10822567986
10822708173
10822817579
10822849423
10822927892
10822999173
10823107736
10823254142
10823348548
10823389923
10823515454
10823573267
10823637486
10823699298
10823749142
10823762611
10823918048
10823970829
10824021173
10824056392
10824078329
10824119361
10824209673
10824265298
10824302642
10824358611
10824380861
10824475392
10824481892
10824547767
10824575298
10824670173
10824724798
10824789236
10824870204
10824962454
10825109267
10825156954
10825240704
10825513392
10825791892
10825854142
10825942079
10838123329
10838341017
10838518892
10839414423
10842429454
10843418454
10844737423
10845200579
10845877017
10847006548
10848392923
10848747861
10849679298
10851758798
10852140861
10852300267
10852407517
10853253048
10854058142
10854345204
10854354954
10856872111
10857662736
10857883892
10857969423
10858082517
10858223361
10858373111
10858492954
10858631704
10859035423
10859353298
10859452579
10859563142
10859581454
10859715392
10859762392
10859770517
10859849111
10859921548
10859972736
10860022892
10860048611
10860057236
10860087423
10860197454
10860214142
10860231329
10860275704
10860338986
10860441392
10860531798
10860596267
10860661986
10860690767
10860762454
10860821361
10860939298
10861028298
10861097892
10861239361
10861300704
10861519517
10861655673
10861744829
10861900704
10861910861
10862010454
10862047298
10862101173
10862117579
10862123548
10862142361
10862157361
10862211486
10862405923
10862503267
10862701329
10862822298
10862885829
10862986579
10863085486
10863148454
10863293236
10863379548
10863503517
10863521298
10863601704
10863679673
10863841673
10863941642
10864033423
10864160111
10864217892
10864333736
10865031704
10865250986
10865427392
10865600579
10865750392
10865851048
10865916017
10866067861
10866216142
10866360486
10866446986
10866554829
10866650517
10867047704
10867357673
10867556329
10868189423
10870050486
10870139423
10870340454
10870643423
10870867642
10870904329
10871042111
10871425236
10871919954
10871926048
10872390267
10872515111
10872585048
10872720611
10873504548
10875399736
10875441986
10875505423
10875611111
10875726736
10878099767
10887004454
10887199079
10889196642
10889507392
10889543048
10889771923
10890154173
10890295329
10896880642
10898533736
10912550517
10913175736
10922114579
10922625267
10926888111
10928385423
10932972298
10933261298
10933573361
10934985611
10935232736
10935449517
10935881892
10936071079
10936452736
10937034079
10937110267
10937355329
10937767704
10937969954
10938072079
10938437954
10940111017
10940124798
10940236861
10940257048
10940376986
10940617454
10940788111
10940862579
10941044236
10941217986
10941589923
10941724673
10941894298
10941982798
10942025923
10942067611
10942141204
10942186173
10942225329
10942275454
10942343017
10942392329
10942449986
10942499361
10942550486
10942607079
10942716142
10942770142
10942819017
10942917954
10942928986
10943051829
10943061486
10943151736
10943192548
10943274361
10943321892
10943403829
10943478923
10943655267
10943712861
10943901173
10943993142
10944126423
10944166017
10944220423
10944294204
10944330329
10944407079
10944601298
10944607798
10944706267
10944799142
10944888829
10944933392
10945011704
10945064579
10945183736
10945323204
10945465298
10945546017
10945659236
10945710579
10945825392
10945907454
10946033767
10946601642
10946607954
10946739611
10947012892
10947456267
10947840829
10948289329
10962390704
10962889111
10963040142
10964074267
10964507579
10967981548
10968092579
10968303954
10968428173
10968563517
10968840454
10969111611
10969540111
10969697673
10970199798
10974311267
10978668173
10980941517
10981404798
10982840236
10983376704
10983589611
10985024142
10986852642
10987377267
10987567517
10990208642
10990335704
10990420079
10990525204
10990771579
10990942236
10990967548
10991153704
10991391298
10991470204
10991505579
10991545892
10991628048
10991667861
10991715454
10991736454
10991792204
10991877392
10991961361
10992013329
10992083454
10992110079
10992193954
10992249611
10992311486
10992441861
10992591736
10992688173
10992780454
10992965392
10993044611
10993170923
10993296954
10993410611
10993571923
10993633829
10993719329
10993746861
10994032923
10994206736
10994429048
10994595423
10994839079
10995066611
10995156704
10995215923
10995291798
10995410923
10995472767
10995479267
10995670486
10995916923
10996286704
10996378986
10996956704
11005807236
11008134829
11027415704
11027491329
11031484329
11031657704
11031970048
11031975173
11032126736
11032232361
11033595704
11036486892
11036666017
11036837704
11036944329
11038559517
11039067142
11039072454
11039409642
11040216642
11040704642
11047108829
11047632142
11049482173
11049947736
11050085454
11050250829
11050362767
11050470111
11050748048
11050930829
11051221204
11051413736
11051458048
11051558236
11051677204
11052270767
11052426923
11052504142
11052539173
11052558954
11052564079
11052749923
11052768548
11052815329
11052872861
11052915579
11052926392
11052946548
11053025267
11053121173
11053183611
11053194642
11053277017
11053339111
11053381954
11053468579
11053557236
11053604673
11053716173
11053934486
11054077392
11054259579
11054362173
11054480861
11054548173
11054603517
11054707454
11054877486
11055094236
11055305392
11055407361
11055484579
11062486579
11068074611
11068570267
11068878986
11069221329
11072346861
11073047017
11073287517
11073861517
11079011579
11080187986
11080298204
11080555923
11080659392
11081042236
11082671767
11083315736
11083734361
11084154829
11084407111
11084562892
11084638923
11084901829
11085139111
11085269329
11085541548
11085634767
11085969986
11086173892
11086407204
11086887392
11087046329
11087112048
11087232954
11087380736
11087464392
11087510298
11088264173
11088412298
11091112423
11091164923
11091290861
11091363829
11091482298
11091550579
11091677736
11091678704
11091755486
11091798736
11091857423
11091895267
11091934736
11091957267
11092008767
11092025736
11092036298
11092136548
11092205954
11092268423
11092301454
11092378267
11092411642
11092445486
11092524298
11092657267
11092679798
11092767298
11092859236
11093091204
11093209829
11093359642
11093491173
11093779173
11093953173
11094598829
11103987642
11107046079
11107812267
11121862548
11122156892
11130262579
11141024861
11142224548
11144472361
11145356423
11145404298
11145472548
11145577079
11146387954
11146876267
11155091954
11155349017
11156106611
11156228673
11156298611
11156375579
11156500611
11156635579
11156641392
11156708798
11156877423
11156956798
11157082204
11157199204
11157253298
11157319361
11157403454
11157470736
11157549986
11157591079
11157655704
11157719079
11157728079
11157750986
11157770548
11157780611
11157840517
11157898111
11157964548
11158006642
11158070423
11158125798
11158146048
11158170142
11158245204
11158310236
11158342079
11158398548
11158425548
11158441704
11158456361
11158470829
11158501142
11158516236
11158523986
11158545298
11158587173
11158606892
11158728048
11158777111
11158822486
11158854829
11158893361
11158948267
11158984204
11159065111
11159127548
11159173892
11159221642
11159284829
11159389392
11159502579
11159561986
11159672361
11159821642
11159903829
11159969329
11160054298
11160241892
11160471017
11160559486
11160663548
11185603892
11185839923
11200950392
11206554611
11206686892
11206802454
11206870017
11206966423
11207053579
11207117361
11207174329
11207286798
11207368861
11207431298
11207451298
11207549423
11207566736
11207595298
11207685611
11207722204
11207749798
11207764111
11207851486
11207911736
11207933736
11207992423
11208003423
11208028017
11208071767
11208082204
11208128423
11208155517
11208163736
11208217642
11208283298
11208306954
11208317111
11208406579
11208423861
11208492017
11208498517
11208644142
11208740111
11208820267
11208888954
11208943111
11208963142
11208978329
11209019236
11209043079
11209118392
11209187392
11209226986
11209275079
11209305611
11209324329
11209396236
11209412642
11209428142
11209491298
11209530892
11209581111
11209619048
11209690236
11209705267
11209775486
11209788861
11209905642
11209974986
11210019142
11210044298
11210056642
11210120861
11210129517
11210192579
11210235111
11210294236
11210331267
11210402017
11210460454
11210490486
11210506548
11210513642
11210557923
11210597829
11210636798
11210689548
11210724298
11210733454
11210753829
11210767048
11210781642
11210791423
11210816704
11210853861
11210864267
11210880361
11210988829
11211036298
11211113267
11211146892
11211176611
11211211048
11211227423
11211237142
11211301111
11211321142
11211337173
11211386673
11211437829
11211476611
11211493361
11211516048
11211539736
11211580142
11211598486
11211633579
11211649767
11211679454
11211691923
11211800798
11211808423
11211839579
11211854267
11211870861
11211901454
11211910954
11211949517
11211993267
11212053767
11212070454
11212093486
11212153423
11212188236
11212201454
11212211517
11212266048
11212289423
11212357892
11212439142
11212504173
11212536454
11212658892
11212710736
11212747204
11212773829
11212871329
11212969361
11213012798
11213033986
11213086767
11213120142
11213228829
11213256548
11213507986
11213813704
11213924298
11214036517
11214129611
11214208142
11214216548
11214340954
11214513642
11214876361
11214945017
11214954329
11215045798
11215109736
11215134861
11215230111
11215305923
11215402579
11215458954
11215544423
11215657236
11215682017
11215749111
11215862892
11215870798
11215979392
11216255611
11216400173
11216870173
11216938392
11217028517
11217104173
11217108892
11217116142
11217431017
11217542329
11217734392
11217782142
11217864361
11217981079
11218089611
11218170829
11218201986
11218300392
11218412798
11218597892
11218897329
11219176829
11219241423
11219368892
11219619517
11219697798
11219844048
11219988642
11220102454
11220145329
11220233423
11220290236
11220334361
11220464642
11220522923
11220607986
11220661829
11220752173
11220840454
11220946611
11220983829
11221074486
11221178892
11221352517
11221548954
11221699142
11230120861
11234178892
11235973923
11237029611
11237184923
11238365986
11238587986
11238678079
11239165267
11239340954
11242451861
11244704861
11245210454
11245451704
11245649361
11247473736
11247601704
11247799736
11248014767
11249427267
11250047798
11252518361
11259459236
11259650611
11262453798
11262614486
11262737704
11262856986
11263013298
11263575642
11263805048
11264033423
11266624236
11267061204
11267282548
11267833736
11269041486
11270873954
11279739173
11281198079
11281496173
11281826767
11282039173
11282152767
11282265548
11282365423
11282509892
11282552548
11282666142
11282713361
11282778079
11282864079
11282968392
11283054048
11283135673
11283240673
11283265767
11283285923
11283351892
11283401017
11283440579
11283490454
11283601392
11283639548
11283696423
11283707611
11283748986
11283818111
11283833423
11283856611
11283914861
11283959329
11283997548
11284058329
11284107986
11284209454
11284256579
11284282548
11284340361
11284400267
11284411079
11284456142
11284501329
11284606017
11284613986
11284719704
11284727892
11284844736
11284869204
11284990079
11285059329
11285118517
11285223579
11285521767
11285700548
11285740079
11285750454
11285853236
11285947517
11286037486
11286198798
11286422017
11286506673
11287080298
11287567517
11289852642
11294278017
11294712892
11294929517
11297796079
11298341517
11303192517
11304683548
11307357673
11309775829
11310806861
11310923736
11311203329
11311276892
11312173173
11312315954
11316360736
11316443673
11317253517
11317334329
11317438017
11317556829
11317568548
11317684829
11317749611
11317897673
11317924329
11318030173
11318118673
11318193423
11318218486
11318227829
11318277111
11318296548
11318348423
11318375204
11318415048
11318434767
11318447829
11318494704
11318500173
11318507298
11318532423
11318540611
11318562173
11318571298
11318592236
11318603517
11318615861
11318634611
11318650829
11318680204
11318697142
11318760329
11318800173
11318830454
11318841704
11318898923
11318917611
11318929798
11318951704
11319023642
11319040861
11319052079
11319073767
11319135079
11319172642
11319186517
11319213548
11319225798
11319294017
11319328861
11319382954
11319400111
11319421423
11319437611
11319469548
11319487861
11319511267
11319545204
11319626767
11319641173
11319651236
11319693267
11319751486
11319877079
11319914611
11319943048
11319952142
11319977923
11319988423
11320048767
11320163204
11320242423
11320292611
11320382048
11320468173
11320495673
11320545361
11320589173
11320596673
11320673048
11320691798
11320738767
11320790736
11320859861
11320968548
11321071517
11321113736
11321124267
11321242704
11321320923
11321417329
11321498673
11321588111
11321781861
11321817298
11321915829
11322097017
11322315454
11322407517
11322581704
11322788579
11322904236
11322991736
11323766954
11326425798
11326613767
11326870736
11333688392
11346724954
11362207454
11362849111
11362939861
11365202454
11365368361
11365589861
11365661204
11367052454
11368564892
11376297298
11376632548
11378312892
11378493673
11378854236
11379149017
11379324642
11379493673
11379625236
11379883079
11379970642
11380125892
11380250829
11380289986
11380411861
11380514111
11380565142
11380615236
11380651236
11380687798
11380751923
11380792986
11380852829
11380903736
11381005798
11381048392
11381090361
11381140517
11381232611
11381293017
11381426892
11381482954
11381493236
11381504767
11381631111
11381670142
11381721673
11381781673
11381839329
11381884611
11382001173
11382063923
11382154236
11382220079
11382272267
11382333736
11382423486
11382443642
11382483267
11382608986
11382719423
11382790673
11382849861
11382907736
11383002673
11383083298
11383163579
11383214017
11383295611
11383390673
11383461579
11383522298
11383578423
11383663079
11383734704
11383793861
11383803329
11383889673
11384012954
11384059736
11384105267
11384112454
11384243267
11384317736
11384436017
11384519611
11384609548
11384862767
11384952673
11385015579
11385118298
11385201767
11385287923
11385371954
11385586204
11385749361
11385864298
11386071204
11386142392
11386235329
11386265704
11386322361
11386429861
11386501454
11386621236
11386722736
11386979642
11387051548
11387158704
11387210204
11387224173
11387339611
11387539704
11387631454
11387718611
11388006111
11388433267
11388550861
11388767079
11389319392
11389433361
11390387548
11390630986
11390691704
11391263236
11391591611
11391796111
11391855954
11391900892
11391910954
11391987329
11392647329
11392788329
11393070236
11393203329
11393269486
11393404329
11393476986
11393555111
11393896954
11394103954
11394163173
11395260548
11395682361
11395707579
11396573798
11396681704
11396713048
11397050767
11397637642
11397908142
11398547954
11399145673
11399679173
11399752704
11399899236
11400340954
11400450704
11400836736
11401017267
11401241142
11401624767
11401737767
11409323173
11410085173
11410438673
11410572017
11410869798
11412108923
11412234954
11412429079
11412531017
11412661892
11412757111
11414084329
11414193111
11414350611
11414858017
11415225767
11415541173
11436287392
11436508829
11436724642
11437021767
11437138017
11437190829
11437267986
11437308329
11437362673
11437432517
11437439423
11437533361
11437584861
11437624298
11437667579
11437678579
11437780267
11437847361
11437920611
11437933111
11437945079
11438002798
11438054704
11438079111
11438216611
11438268361
11438324736
11438368486
11438428579
11438496173
11438532642
11438555454
11438646798
11438686486
11438737111
11438814423
11438854954
11438920579
11439002579
11439061579
11439127298
11439155611
11439219486
11439262329
11439269173
11439310392
11439355923
11439404611
11439456204
11439515017
11439537486
11439555986
11439571704
11439592736
11439663861
11439713861
11439784173
11439843736
11439919579
11439998767
11440027986
11440053048
11440099111
11440170204
11440213798
11440290017
11440322704
11440380486
11440437923
11440487017
11440516173
11440555142
11440581017
11440659048
11440816986
11440854736
11440910236
11441008454
11441045892
11441236767
11441311767
11441425392
11441494736
11441542923
11441661111
11441791642
11442112236
11442186454
11442605079
11442797579
11443007236
11443048704
11443282048
11443345798
11443438204
11443706017
11444075486
11444155298
11444253923
11444357017
11445206329
11445319329
11445449642
11445639142
11447918829
11448303486
11448638298
11449936267
11450236579
11450548142
11456986298
11463889767
11474386173
11488469736
11488836861
11490255392
11490673423
11491460204
11495560048
11495972392
11497501736
11497840829
11498030861
11498385142
11498484548
11498790704
11498917267
11498997892
11499013392
11499044048
11499054829
11499063548
11499182861
11499278642
11499363298
11499430048
11499480329
11499564611
11499648454
11499717267
11499820892
11499893329
11500020548
11500064736
11500440236
11500535267
11500703986
11500874673
11500889986
11501305892
11501690142
11502081767
11502264017
11502423329
11502481079
11502526486
11502778829
11502882236
11502995298
11503029892
11503162986
11503289798
11503406892
11503700579
11503829048
11503913611
11504171829
11504925829
11505264454
11505391298
11505536048
11505629173
11505747361
11506012767
11506187454
11506339361
11506529548
11506723017
11506944642
11507055392
11507188329
11507348392
11507545923
11507874548
11508169361
11508334361
11508384173
11508485423
11508697486
11508897611
11509461267
11509977173
11510118767
11510260892
11510388298
11510492579
11510596142
11510613986
11510763954
11510940517
11511034736
11511148923
11511284361
11511395892
11511694361
11512595454
11512701048
11512993767
11513107298
11513179361
11513253329
11513324548
11513437767
11513500892
11513571923
11513595267
11513917517
11514111923
11514183767
11514297361
11514419892
11514583079
11514643954
11514838361
11514975111
11515130204
11515153829
11515231517
11515393236
11515482642
11515501861
11515537392
11515624392
11515679142
11515770142
11515819767
11515854392
11515900704
11515956517
11515983298
11516002579
11516049486
11516086923
11516101486
11516119048
11516182642
11516269642
11516290798
11516307767
11516368017
11516481173
11516542236
11516638923
11516752517
11516934079
11517144361
11517331736
11517473642
11517684486
11517863329
11518135767
11531003236
11533357986
11533716204
11533946454
11534353048
11536000548
11537604954
11537781986
11537942517
11538839892
11539129298
11541155704
11543238142
11543581579
11543741267
11543884704
11544042236
11544720079
11544901423
11545932079
11546383017
11546956923
11547175236
11547937892
11548127986
11548291079
11548439111
11548683267
11548701579
11548854517
11548992673
11549070173
11549119267
11549229736
11549342767
11549594486
11549714017
11550118736
11550283079
11550545892
11550691173
11550749861
11550878954
11551009017
11551118548
11551251642
11551310361
11551402736
11551533048
11551591017
11551710736
11551861298
11552235048
11552330236
11552614173
11553317267
11553875329
11554123454
11554304642
11554564204
11554712642
11554837673
11554859048
11554894892
11555004986
11555019361
11555121173
11555152111
11555333954
11555358017
11555383267
11555465829
11555504548
11555543392
11555601486
11555659142
11555740642
11555770704
11555815579
11555872923
11555882017
11555944736
11555997017
11556017142
11556203829
11556253111
11556329173
11556339642
11556469861
11556576204
11556653173
11556698923
11556815704
11557113423
11557192267
11557396798
11557805329
11557884611
11557962704
11558142829
11558205517
11558449611
11558533142
11558598517
11558712704
11559008173
11559055611
11559143673
11559216329
11559368486
11559442579
11559465079
11559565767
11559622486
11559871173
11559946704
11560055767
11560159579
11560297392
11560494298
11560653642
11560913048
11561083423
11561253173
11561442892
11561965298
11562166454
11562262392
11562654861
11563105486
11563952267
11564635079
11564739923
11564751267
11564889204
11564999392
11565103173
11565131111
11565306329
11565492236
11565686986
11565927486
11566482798
11566668111
11577374486
11577656329
11577752454
11578004923
11593430579
11612194079
11613794642
11614866923
11615094861
11616149673
11620869579
11621828423
11622002267
11622010892
11624907767
11625283892
11625836079
11626686392
11626932173
11627426579
11627435861
11628015642
11628021673
11630104236
11630469861
11630608611
11630832329
11630972329
11631212736
11631595079
11631809892
11632088329
11632168361
11632539423
11632708517
11632870986
11632969954
11633159861
11633276704
11633374361
11633488829
11633496579
11633652548
11633757548
11633834611
11633870704
11633928579
11633939361
11634003423
11634080736
11634130986
11634190392
11634210923
11634295861
11634397204
11634449236
11634501361
11634762517
11634828767
11634892798
11635102923
11635198579
11635233954
11635357298
11635634923
11636060548
11636176798
11636350798
11638183829
11644717267
11646171267
11646683204
11648264423
11648541204
11648565829
11648718579
11648872079
11649221111
11649747048
11650007548
11650195829
11651249892
11651520423
11651591329
11651678361
11651685829
11652043579
11652148423
11652206767
11652293017
11652533548
11653531392
11653595798
11654450579
11654655767
11654827236
11655147579
11656502017
11657113892
11658684048
11664787454
11664901673
11665363486
11668354736
11669041173
11669298548
11669382892
11669659173
11670482517
11670984048
11671448423
11671567767
11671678017
11671837298
11672305767
11672652142
11672991267
11673190392
11673898548
11674221579
11674651673
11674737923
11675039298
11676105048
11676254892
11676393236
11676481642
11676581329
11676656204
11676727829
11676787048
11676846548
11676918798
11677064267
11677099361
11677224267
11677315642
11677419236
11677584923
11677716017
11677760486
11677956704
11678014611
11678062361
11678139736
11678192298
11678198892
11678227673
11678239798
11678322142
11678378142
11678384392
11678438048
11678521486
11678614579
11678663392
11678725361
11678818423
11678879236
11678917017
11678951142
11679059204
11679147611
11679158798
11679286142
11679336236
11679442142
11679552736
11679671079
11679684892
11679859236
11679918704
11680062829
11680171548
11680307111
11680687204
11680811829
11680985767
11681251454
11726161673
11729791923
11730726704
11735844736
11736331611
11736613861
11737197111
11737800923
11738380329
11739241767
11739407329
11739995173
11741996954
11742114861
11742218579
11742286392
11742365829
11743657986
11743815767
11743989236
11744259642
11744780642
11744965173
11745970017
11746270986
11746434048
11746503923
11746832642
11746948892
11747017704
11747095111
11747158298
11747190736
11747279017
11747324642
11747348642
11747418517
11747445579
11747495611
11747547579
11747604798
11747669829
11747723611
11747766923
11747814704
11747864048
11747906048
11748009767
11748116298
11748200986
11748325954
11748702954
11748831548
11748998954
11749187798
11749376579
11749453204
11749536392
11749609923
11749679892
11749722767
11749964079
11750077517
11750155298
11750255361
11750340861
11750455704
11750621267
11750700017
11751050673
11757997017
11760124267
11768399986
11770200767
11771803892
11775140267
11781173611
11781247267
11781369017
11781374767
11781447829
11781480798
11781504267
11781538704
11781611798
11781678173
11781724673
11781785329
11781842642
11782054517
11782219423
11782289642
11782695767
11782887548
11783053704
11783163454
11783274611
11783511736
11783591548
11783660361
11783687236
11783711642
11783810673
11783901111
11783952079
11783985767
11784044829
11784129048
11784244142
11784320017
11784399236
11784495736
11784896173
11785006017
11785123892
11785255861
11785614017
11785947329
11786020517
11786133892
11786352173
11786561923
11793567986
11795713767
11795803798
11795935548
11800597486
11810495236
11812288767
11812521892
11815498861
11815605298
11816289892
11816516111
11824900486
11825018142
11838098267
11838269204
11839060611
11839949423
11841858423
11846972048
11847610611
11847694892
11847766954
11847991173
11848328236
11848389954
11848534017
11848761329
11848915579
11849017392
11849273048
11849386236
11850303954
11850409673
11850545548
11850632392
11850704579
11850802861
11850895548
11850969329
11851134548
11851442173
11851510767
11851635204
11851784954
11851964892
11852087986
11852216579
11852334017
11852515642
11852683673
11852755392
11852866611
11852962736
11853018142
11853128048
11853198267
11853235579
11853550548
11853754579
11853952829
11854098829
11854246611
11854356423
11854519736
11854532861
11854768361
11854989048
11855037454
11855277579
11855325829
11855334892
11855431048
11855481892
11855552267
11855665329
11855835892
11855891267
11856001736
11856044861
11856215204
11856280423
11856322486
11856363611
11856455423
11856610173
11856658798
11856720486
11856758392
11856808611
11856837298
11856899361
11856951361
11856993204
11857045767
11857143111
11857261173
11857334486
11857410048
11857515204
11857641861
11857757673
11857918329
11858079798
11858149736
11858289423
11858394173
11858511361
11858637548
11858745486
11858901986
11859368923
11879097923
11879284204
11879470486
11879670704
11879850986
11880150392
11880313892
11881351017
11881838861
11882072704
11882150798
11882459392
11882705611
11882836642
11882925423
11884331954
11884608329
11884923079
11885513798
11886472798
11886592954
11886684704
11886828767
11886935704
11887055954
11887716892
11887813767
11887963704
11888260079
11888392486
11888474236
11888725673
11888763548
11888916236
11889157923
11889386767
11889501204
11889613611
11889740298
11890282829
11890487079
11892118798
11892358111
11892453079
11892507736
11892588517
11892793954
11892862548
11892935329
11893289861
11893301079
11893382017
11893437923
11893470954
11893552454
11893638704
11893669923
11893779548
11893925423
11893980111
11894051517
11894104079
11894241892
11894397392
11894460392
11894584579
11894876673
11894950204
11895180798
11895422861
11895668111
11895765861
11903580361
11917380673
11940520486
11951679579
11951768017
11951835392
11951891798
11951937142
11952031642
11952068142
11952154579
11952203267
11952226423
11952320954
11952365361
11952442267
11952502423
11952551486
11952597204
11952651798
11952687267
11952744142
11952817048
11952869267
11952930079
11953002236
11953036236
11953055517
11953126142
11953152611
11953171673
11953268986
11953313079
11953349986
11953359579
11953366111
11953416454
11953423329
11953468548
11953492048
11953500048
11953567798
11953650392
11953688173
11953709236
11953725267
11953810642
11953831173
11953859798
11953892579
11953900361
11953986986
11954066423
11954130111
11954145204
11954174142
11954196736
11954275611
11954328829
11954341923
11954363829
11954410142
11954481361
11954626673
11954664204
11954715829
11954817642
11954900704
11955018767
11955097704
11955166892
11955241798
11955305767
11955389267
11955477298
11955584298
11955681486
11955759423
11955811704
11955836923
11955926392
11955972954
11956014079
11956123704
11956159361
11956300767
11956432361
11956665111
11956691454
11956893611
11957068548
11957203204
11957245798
11957458673
11957557767
11957707548
11957797829
11957869361
11957990392
11958201954
11958364079
11958424236
11958524611
11958692017
11958857642
11958933517
11958949611
11959037048
11959128829
11959205611
11959295486
11959379204
11959443486
11959611392
11959697923
11959838923
11960045704
11960155392
11960253579
11960321798
11960536048
11960711236
11960876861
11961095017
11961156736
11961258642
11961380704
11961591079
11961679579
11962025329
11962145673
11962262048
11962501673
11962564548
11962614111
11962656673
11962689517
11962770267
11962845204
11963110017
11971768236
11974229611
11974949517
11978822986
11980640736
11980795954
11981002079
11981198736
11981628548
11981786798
11981932767
11982318423
11988558892
11993104861
11998398548
11998424111
11998507267
11998575111
11998647111
11998745954
11998809548
11998974142
11999075611
11999171736
11999236204
11999392736
11999584579
12000084861
12000602673
12000917204
12001364986
12001675954
12051979017
12058916548
12059304204
12059617673
12059801017
12060254454
12060718486
12060985767
12061045736
12061117017
12061192048
12061256454
12061323704
12061444704
12061583736
12061688142
12061910361
12061985048
12062341048
12062493298
12062510454
12062643454
12062742736
12062829642
12062916548
12063041736
12063116361
12063208861
12063665798
12076891236
12077143048
12080131861
12083426298
12085503767
12085634236
12085752204
12087434329
12090377986
12090626579
12090754079
12091119173
12091656986
12091817517
12092050329
12097304142
12097566548
12098403173
12098554517
12098636829
12098665329
12098749611
12098867204
12099139829
12099176548
12099255361
12099293454
12099322267
12099465892
12099521361
12099574392
12099620767
12099688611
12099727736
12099738829
12099843861
12099852923
12099864736
12099930079
12099962173
12100103611
12100163204
12100245173
12100274423
12100524423
12100632079
12100917329
12101081111
12101420329
12101751798
12102048923
12102341986
12102385298
12112870204
12114233923
12114466298
12114567611
12114605423
12114818298
12114939954
12114951111
12115081517
12115088048
12115229986
12115414142
12115542361
12115645704
12115849079
12115992642
12116149798
12116277423
12116420423
12116482486
12116698329
12116709548
12117085704
12118217048
12134010704
12136410767
12136809111
12139125361
12158583298
12158794986
12158867517
12158957173
12159268767
12159341079
12159494329
12159504079
12159548298
12159555392
12159561236
12159586048
12159595642
12159606204
12159623892
12159697954
12159851173
12159938861
12160014736
12160115954
12160205486
12160252048
12160319611
12160421392
12160472517
12160551954
12160618454
12160662298
12160719798
12160765673
12160789048
12160977267
12161025673
12161059173
12161107204
12161172298
12161232142
12161355204
12161428829
12161523142
12161724611
12162118611
12162199267
12162365017
12162460236
12162515486
12162668236
12162853329
12162903017
12162985079
12163053892
12163133579
12163144673
12163239798
12163320548
12163444423
12163874173
12164026298
12164099111
12164411142
12164541111
12164729829
12164892423
12165043111
12165141736
12165255704
12165348361
12165452267
12165554736
12165864204
12165977548
12166162361
12166492736
12166597017
12166736173
12167051173
12167172392
12167264361
12167412861
12167522704
12167587173
12167633986
12167708486
12167785861
12167829829
12167880642
12167933861
12168027173
12168063079
12168100986
12168176048
12168198986
12168359798
12168440673
12168608642
12168719142
12168833954
12168965767
12169154329
12169183142
12169241267
12169275048
12169354048
12169415704
12169484611
12169583267
12169778798
12169926423
12169980517
12170274954
12170474923
12170599611
12171197548
12178787829
12178869579
12183906861
12184343142
12184742142
12185070173
12185482361
12185553642
12185868954
12186108423
12186370236
12186381954
12186706642
12186755079
12187670517
12187719611
12187888142
12188232798
12188240986
12188524079
12188877236
12189115923
12189490111
12189627454
12189722611
12189779548
12189926204
12189988017
12190094892
12190177173
12190264923
12190342861
12190436329
12190559642
12190579642
12190691298
12190915486
12191001517
12191270298
12191431111
12191576142
12191773236
12191884736
12192108548
12192595142
12192840329
12192908923
12193021298
12193123392
12193581829
12193735579
12193961267
12194348111
12194409954
12194541329
12194842579
12195071829
12195219986
12195482579
12195875267
12195954548
12196056642
12196123548
12196229111
12196314829
12196369892
12196561236
12196615954
12196651861
12196790923
12196847204
12196990923
12197268361
12197478861
12198748892
12199316423
12199528517
12199657267
12199668986
12199761517
12199829673
12200039173
12200160329
12200177454
12200203736
12200313017
12200389517
12200476423
12200555704
12200624142
12200689798
12200709861
12200787548
12200911486
12200944048
12200952611
12201010298
12201085517
12201110829
12201120454
12201266298
12201369486
12201442017
12201450486
12201556861
12201646236
12201705079
12201795798
12201810517
12201885329
12201945048
12202083642
12202171923
12202223861
12202270517
12202307267
12202382798
12202434392
12202461423
12202506548
12202558611
12202690329
12202697986
12202805392
12202935798
12202972298
12203067454
12203243142
12203313923
12203619111
12203717736
12203859267
12204103986
12204243361
12204361829
12204469142
12204542798
12204587611
12204697392
12204817923
12204893986
12205196861
12205293861
12205346642
12205492486
12205727642
12205985829
12206376548
12206586986
12206800454
12207088986
12207279486
12207591548
12207699954
12207940048
12208054736
12208474517
12217037611
12217374861
12217550361
12217556829
12218011361
12218074704
12220525486
12220903298
12222596767
12227295392
12228394298
12228488829
12229070892
12229809048
12230028079
12230124079
12230274642
12230654579
12230911142
12231056267
12231166548
12231300236
12231378017
12231510892
12231621486
12231675798
12231758423
12231861892
12232036423
12232091267
12232209079
12232372611
12232669298
12232916142
12233007048
12233073267
12233204673
12233227236
12233236798
12233377079
12233424173
12233552736
12233724861
12233917611
12233987829
12234096423
12234211704
12234407579
12234498329
12234591861
12234641736
12234734486
12234788861
12234833236
12234966423
12235102767
12235275704
12235326517
12235335798
12235404079
12235468048
12235479954
12235535986
12235584673
12235645642
12235733986
12235745204
12235863236
12235884017
12235971986
12236011517
12236054517
12236065267
12236083423
12236112736
12236204611
12236308142
12236398017
12236475986
12236519829
12236574548
12236697517
12236731986
12236782923
12236853267
12236945548
12237019986
12237058829
12237118923
12237140048
12237225173
12237245423
12237258611
12237320611
12237335173
12237361267
12237374861
12237493454
12237514736
12237523111
12237637673
12237660829
12237729517
12237825329
12237899267
12237945923
12238072048
12238174736
12238243767
12238310204
12238385517
12238404736
12238481829
12238549736
12238563392
12238648986
12238713486
12238750954
12238826767
12238897861
12238954423
12238996486
12239105923
12239165642
12239253298
12239326892
12239363173
12239460017
12239480736
12239581861
12239609267
12239666142
12239712736
12239751236
12239819486
12239901923
12240076798
12240101079
12240167798
12240254548
12240322454
12240456829
12240529704
12240556392
12240598611
12240663142
12240673767
12240718454
12240766142
12240828954
12240909236
12240943486
12240993736
12241019642
12241061142
12241073548
12241125454
12241193048
12241231236
12241263454
12241333611
12241340548
12241378423
12241403329
12241489673
12241515673
12241585954
12241639892
12241679236
12241699986
12241751048
12241773767
12241796361
12241817736
12241837454
12241868767
12241939986
12241956392
12241975298
12242034392
12242082486
12242126079
12242153642
12242188048
12242202798
12242216517
12242257329
12242276298
12242327204
12242371173
12242405673
12242451454
12242476829
12242513829
12242556736
12242603923
12242622954
12242654329
12242668892
12242690829
12242716486
12242726923
12242743798
12242769079
12242836111
12242893486
12242913642
12242946673
12242959986
12243042829
12243055486
12243104986
12243127142
12243153204
12243179642
12243211579
12243242579
12243256204
12243277736
12243310704
12243374329
12243456736
12243498579
12243519204
12243578548
12243647892
12243696204
12243710517
12243733298
12243814173
12243855204
12243904923
12243934267
12243976454
12244030486
12244089111
12244230236
12244265267
12244289392
12244300454
12244325954
12244416017
12244475298
12244519767
12244752923
12244779048
12244895579
12244905986
12245045954
12245204704
12245258954
12245403673
12245414642
12245555454
12245589329
12245712267
12245722173
12245741892
12245806173
12245870829
12246012986
12246074954
12246125642
12246138111
12246230548
12246287642
12246341798
12246350111
12246595236
12246603642
12246653923
12246728079
12246784798
12246880392
12246945329
12246961486
12247088142
12247188892
12247234923
12247273923
12247312892
12247358736
12247422173
12247497798
12247544954
12247626423
12247645923
12247761361
12247812298
12247868548
12247938142
12247996892
12248083704
12248125142
12248139954
12248170298
12248241798
12248311704
12248330673
12248425048
12248491923
12248508767
12248616392
12248658736
12248716142
12248776204
12248792548
12248827923
12248891454
12248938642
12248980954
12249025423
12249054673
12249126517
12249149642
12249184642
12249240236
12249282173
12249396736
12249442923
12249506548
12249528736
12249582704
12249641204
12249661673
12249692392
12249786079
12249795642
12249855298
12249906517
12249942142
12249961642
12250034236
12250080204
12250094892
12250165642
12250183767
12250215173
12250309517
12250355454
12250399173
12250500361
12250512861
12250586798
12250612892
12250710923
12250780079
12250799361
12250896579
12250933142
12250988798
12250998986
12251050767
12251094767
12251132079
12251215923
12251249454
12251285204
12251346923
12251422517
12251472048
12251552079
12251590173
12251626517
12251684798
12251773486
12251804704
12251854704
12251940454
12251999673
12252030111
12252087579
12252135548
12252150892
12252232267
12252418392
12252460236
12252489329
12252557236
12252611861
12252687954
12252775736
12252860736
12252892767
12252950673
12253165923
12253209517
12253266454
12253330673
12253353142
12253438142
12253524954
12253573548
12253612298
12253698423
12253714017
12253763736
12254089079
12254144017
12254321986
12254357048
12254430423
12254445611
12254559142
12254706986
12254724517
12254751454
12254934548
12255059361
12255088079
12255131861
12255146236
12255217017
12255239548
12255421861
12255474986
12255488829
12255621423
12255650673
12255743829
12255753954
12255767954
12255867079
12256053548
12256111642
12256161892
12256212392
12256244767
12256297642
12256381517
12256395142
12256467736
12256514861
12256563829
12256627392
12256693673
12256734986
12256778829
12256818423
12256853736
12256924017
12256944954
12257057704
12257087829
12257341923
12257479861
12257553548
12257609861
12257664892
12257682517
12257794204
12257833673
12257903267
12257925142
12257975986
12258054954
12258127892
12258180048
12258187767
12258332142
12258343079
12258548111
12258562204
12258680611
12258767329
12258829923
12258843548
12258928954
12258964861
12258988548
12259066329
12259074017
12259148767
12259182392
12259208486
12259245517
12259327173
12259362861
12259391829
12259404486
12259525548
12259708236
12259799454
12259926517
12259953142
12260054173
12260130986
12260164673
12260270673
12260303142
12260420392
12260470454
12260546079
12260674204
12260765611
12260847329
12260919236
12261017548
12261146298
12261192954
12261305611
12261358173
12261411486
12261425204
12261590986
12261639079
12261670423
12261778017
12261788579
12261872111
12261924142
12262038423
12262087861
12262154048
12262249017
12262297142
12262335236
12262420079
12262472329
12262492736
12262609642
12262622861
12262744579
12262847767
12262958704
12263065454
12263190361
12263296673
12263327704
12263426423
12263438361
12263491298
12263590704
12263690017
12263754361
12263847236
12263869204
12263945642
12264021548
12264249548
12264338861
12264352954
12264530954
12264747767
12264880423
12264905736
12264946298
12265106361
12265145048
12265231392
12265332704
12265352704
12265393236
12272553673
12272659892
12272799923
12272900611
12273195173
12273821048
12273929236
12274030267
12274043767
12274155329
12274167704
12274313392
12274420673
12274440298
12274500361
12274608017
12274748454
12274762767
12274858767
12274942298
12274980454
12275063736
12275281954
12275456486
12275534611
12275630798
12275720048
12275819892
12275880361
12275991236
12276202579
12276387486
12276561392
12276774142
12276982079
12277255704
12277410079
12277439517
12277567454
12277791454
12277892486
12278125329
12278655423
12278811954
12279060361
12279118923
12279265892
12279508423
12279649954
12279838079
12280035361
12280170923
12280270454
12280744423
12281577204
12282353642
12282499361
12282801673
12282889267
12283188454
12283286111
12283538579
12283703173
12283828111
12283845142
12284070236
12284252079
12284262986
12284413204
12284514642
12284542954
12284722579
12284832079
12284923986
12285066892
12285086548
12285197704
12285352986
12285395142
12285519923
12285598892
12285851861
12286011829
12286096486
12286307017
12286402986
12286524423
12286530736
12286941486
12286950486
12287269204
12287447111
12287921704
12288288142
12288503548
12288605017
12288659673
12288816704
12289176111
12289700986
12289956579
12290221329
12290610486
12290747267
12290921423
12291019861
12291453173
12292171704
12292817236
12293031017
12293381861
12293487236
12293627329
12294121048
12294199111
12294398423
12294851048
12295137236
12295312361
12295476423
12295722579
12295876204
12295889204
12296392611
12296445204
12296519142
12298870892
12300578548
12301438642
12301531548
12301675923
12301803423
12301958642
12302069579
12302202017
12302307298
12302363642
12302457298
12302590079
12302808486
12302840454
12302972642
12303147798
12303226579
12303370517
12303595611
12303765861
12304086954
12304278267
12304513048
12304714486
12304832829
12304895798
12304984704
12305055642
12305132798
12305150329
12305267548
12305385298
12305508392
12305643048
12307385767
12307674798
12307984267
12308300267
12308601611
12308670454
12309239079
12309384736
12309651486
12310350111
12310458736
12310926298
12311070329
12311216329
12311822361
12311897986
12312119986
12312291392
12312513236
12312881673
12313889704
12314256298
12314627642
12316593079
12317201954
12321369673
12321750892
12325702486
12325986611
12326133142
12326271079
12326897548
12329151486
12329396892
12329929204
12330457548
12334062392
12338122454
12344071767
12349014486
12350250829
12362668111
12364420267
12367469829
12367637861
12367801361
12373330423
12375374454
12375567142
12375711673
12376509923
12377050736
12377340204
12377417954
12380139454
12380473798
12380807048
12381628142
12381862236
12382988392
12383164017
12384224079
12386225736
12386466829
12386680267
12405995236
12423089923
12432312329
12432471392
12441114517
12441804204
12442072204
12446576736
12481269579
12482866517
12484082298
12485872079
12486538611
12487836486
12487939892
12488219361
12488370861
12488376892
12488579767
12488726892
12488809642
12488892454
12488945454
12489236923
12489383392
12489539861
12490057111
12490589611
12490891048
12490994642
12491132642
12491328611
12491451923
12491476079
12491537392
12491667767
12491769861
12491887267
12491945736
12492158017
12492538111
12492649392
12492955173
12494761423
12498769704
12499359517
12503660798
12508145892
12508357236
12508461767
12509231361
12509497423
12510663548
12511039673
12511496017
12511771298
12511853142
12512260517
12512430829
12513619767
12513824611
12513915361
12514010454
12514125392
12514281579
12514480767
12518122298
12518471329
12518752392
12519072173
12543280954
12543392017
12546834548
12547320079
12547860861
12548164454
12548369829
12549825579
12550053923
12551331704
12551445673
12554621892
12555764298
12557095454
12557265736
12557272517
12560053204
12560927673
12572903642
12575365079
12578028236
12590889079
12591674173
12599419017
12600378048
12600383111
12608569142
12609784142
12642362829
12642374736
12646249079
12646258361
12646739829
12648892267
12650563798
12651702517
12663955329
12664098111
12686280361
12693625361
12698560267
12700570298
12704254579
12705246017
12705249954
12706770236
12712375111
12712380798
12713808704
12716700642
12716706204
12718801517
12740100423
12748750486
12749028954
12749037642
12749405923
12749711361
12749720611
12750432267
12750812548
12751878767
12753394673
12754908329
12755029392
12756932767
12761541798
12766930454
12767961236
12768056892
12781035017
12796872142
12797116517
12797263736
12797389486
12798256298
12816226642
12818072486
12823847548
12858245142
12886754704
12901940517
12920750736
12932971298
12958389048
12990707548
13064590267
13101407267
13101526236
13101817079
13103777736
13103884736
13105451236
13108573111
13124680642
13129182298
13129455392
13129657798
13133640079
13133781548
13134467017
13134575611
13152890861
13153522079
13153899017
13154111767
13154162767
13154786861
13159217173
13159332986
13159463079
13159481173
13159632298
13159921142
13160287267
13160438986
13161225111
13161451861
13161600798
13161728548
13162067329
13162286736
13162425423
13162432236
13162781298
13163135892
13163205111
13163907204
13164091017
13164237298
13164894579
13164986079
13166833611
13168527861
13174181079
13175154079
13175352017
13175679017
13176169861
13176251704
13176581454
13176726861
13176811486
13176936486
13177077267
13177347267
13177447111
13177513111
13177524517
13177652954
13177663204
13177959798
13178030892
13178218361
13178270986
13178493111
13178589923
13178952111
13179041173
13179117829
13179219704
13179318673
13179370423
13179479454
13179519548
13179551611
13179697611
13179818798
13179943267
13181185892
13181813767
13185126611
13204594892
13247444329
13257317361
13262113611
13279805079
13279810048
13292116142
13302403329
13343910611
13362794798
13363065767
