9039624486
9041055048
9041545892
9041965329
9042597923
9045116736
9045888361
9046045236
9046821798
9047362392
9047657579
9048112673
9048447236
9050035861
9051491236
9053353986
9056007736
9057198079
9057288798
9058916142
9059846111
9060188142
9061006517
9061284986
9061520298
9062306767
9062488861
9063093954
9063240736
9064157579
9064473173
9065560017
9065938236
9066891798
9067321986
9067721986
9071294486
9071461517
9071860079
9072142798
9073432079
9073826704
9074623361
9074999204
9075994454
9078441298
9079390486
9079597454
9082958486
9083041986
9084931611
9085037611
9086501454
9087583892
9088747986
9090146954
9090441486
9091038079
9091233392
9091377829
9092292079
9092734236
9093315673
9093439548
9094308111
9097228204
9098223986
9098523486
9099954204
9100534298
9101199611
9101710736
9101753611
9102886798
9103498861
9104314454
9105689986
9105731611
9106440642
9106651579
9107810736
9108081423
9109345079
9109824923
9110146986
9110841236
9110862142
9111103361
9111846736
9112524642
9113093079
9113324267
9113683048
9115450486
9115918861
9117534048
9117928204
9118857923
9119408236
9119776923
9120552236
9121575704
9122719704
9125668642
9126613642
9128118861
9129758767
9130847017
9131073329
9131503079
9132148392
9132837236
9133355954
9135544298
9135945486
9137436298
9138704267
9141287829
9141864329
9142552454
9143125954
9144512548
9145425111
9146495361
9146608548
9147142642
9148347673
9149056392
9149325704
9149396454
9149763673
9150159736
9150724017
9150891142
9152393861
9153612173
9155125329
9155910173
9156033142
9156943173
9158024767
9161414173
9163659486
9164391517
9165468267
9165843986
9167644704
9168599829
9168871017
9170148111
9171030986
9171620173
9171860267
9172814236
9173094173
9173160298
9173167954
9173697454
9175168736
9175813611
9176070173
9177489048
9177833861
9178319798
9179745423
9180619923
9181291204
9181637954
9181902767
9182724829
9184474267
9184860611
9186768892
9187691392
9188193736
9189088579
9189519611
9189586923
9189831611
9190024173
9190107142
9190390142
9190625642
9191957454
9194806892
9195185173
9196470923
9196882861
9197238704
9198130298
9199429361
9200534111
9200868392
9201574704
9202346736
9202694892
9203014298
9203949704
9204504954
9206002642
9206433329
9206716204
9206869048
9208368892
9208723923
9210026267
9211024236
9211621986
9211869486
9213328486
9213836892
9214921704
9216010798
9216675673
9217413423
9219409329
9220001704
9220505892
9221053736
9221615642
9222143079
9223005267
9223748486
9223958517
9224687579
9224873673
9226084736
9226319361
9226725267
9226971829
9227170017
9227775298
9228597611
9229154892
9230015361
9230556048
9233409204
9233677704
9235191048
9237718548
9238946486
9239522611
9240723798
9241791548
9241886423
9242605079
9243327361
9244836642
9245421673
9245696111
9247779361
9248263017
9248716017
9248896579
9248975986
9249165048
9249439892
9249821267
9251449798
9251650361
9251712548
9252321548
9253048329
9253310767
9253580392
9253842579
9256550486
9257363486
9258151767
9258349423
9259699361
9260320861
9261443611
9262153329
9262569298
9262787954
9263729923
9264150423
9265004392
9265022298
9265725079
9266982986
9267461361
9267642611
9267794454
9267859548
9268631986
9269235673
9270823767
9271176704
9272360642
9272425017
9273122173
9273501111
9274122892
9274162423
9274281267
9274498767
9275013861
9276608861
9277038204
9277642173
9278397486
9278907861
9284431329
9285016923
9285427798
9285666048
9286702579
9287460017
9288898954
9289232642
9290168048
9291052923
9291603829
9291707173
9293777892
9293833423
9294591111
9295357673
9296154298
9299360829
9299717736
9301203079
9302312736
9302579204
9303769298
9304345111
9304679048
9304958861
9305179142
9305571704
9306321142
9307489048
9308673079
9309251329
9309549111
9310000986
9310795361
9311280298
9312419548
9312894267
9313352298
9313422548
9313810673
9313932048
9314605954
9314906142
9316414548
9317230642
9319063954
9320015017
9320592392
9321017798
9321427423
9321566673
9322233236
9322925236
9323032142
9323071236
9323138798
9323840798
9324596767
9326042704
9327865892
9328769298
9329041892
9329493486
9329796142
9330030267
9330303204
9330621517
9331055361
9332094423
9332402361
9332744579
9333127329
9333761954
9335002204
9335559736
9335697454
9336291736
9337195704
9338294954
9339702798
9340592798
9342728236
9343058923
9343862236
9344626267
9345225423
9345705423
9346456517
9347260767
9348398642
9348818236
9349026392
9349161048
9350189392
9351254142
9351947704
9352766767
9352881329
9353240079
9354495423
9355476111
9355936954
9356467423
9356520704
9357873736
9358178923
9359004454
9359994736
9361017236
9361260048
9362832767
9363179986
9363477892
9364149423
9365504579
9365633142
9366504142
9367030517
9367554454
9369525079
9370030642
9371409986
9371853048
9372236673
9373796642
9375160517
9375807236
9376279017
9377833798
9380741236
9381533329
9382953704
9384034829
9384842392
9385978486
9386172892
9386964454
9389585736
9390184736
9390786017
9391559142
9391852673
9392570173
9392962079
9393232861
9394946298
9395535642
9396040861
9396897642
9397572673
9397769548
9398001111
9398186329
9399631173
9400892892
9402555111
9402905048
9403471548
9403632986
9405010923
9405639173
9405894173
9407165736
9408513079
9409451392
9410919361
9411091204
9412515392
9412699173
9413715736
9414702954
9414757892
9415233611
9415369548
9415863017
9417826767
9418161861
9419199517
9419334173
9419973048
9421646267
9424738642
9424885454
9425432423
9426450392
9428520767
9430062923
9431684048
9432343579
9433695236
9434742829
9435020579
9435370829
9435698892
9436631642
9436708673
9437052548
9439152017
9439365829
9439446986
9440219736
9440710704
9441084486
9441858704
9442036861
9442297204
9442536079
9443307173
9443499954
9443569986
9443848579
9444530986
9444787111
9446268954
9446677142
9447998579
9448280079
9449564329
9450456423
9450708704
9450890829
9451238486
9454816736
9455160454
9455427173
9456294486
9456420892
9456804798
9457798048
9458736236
9458895173
9459806361
9460069298
9460086329
9460227954
9461660611
9461744517
9462563548
9462664736
9463760673
9464179767
9465708048
9466327111
9469327923
9469672954
9470344329
9471767173
9472776548
9473229329
9474504767
9474943236
9475266861
9475310704
9475641673
9476380829
9477178329
9479165579
9479262611
9480920173
9483003142
9484503298
9487556204
9487976798
9488294986
9488595986
9490087767
9491547611
9492152454
9492498173
9492575361
9493590579
9494474673
9494789611
9495261954
9495497704
9496115579
9497662423
9498931079
9499838548
9500225017
9500384829
9500684704
9500992392
9502085611
9502454767
9502605048
9503610767
9503825236
9504156798
9505729829
9507543704
9507954673
9509339204
9510054361
9510136767
9510364298
9511164829
9513600204
9514066298
9514361204
9515165329
9515996642
9516817267
9518454767
9519678423
9519753673
9520274017
9521686017
9523276173
9524353423
9526251548
9526525892
9526599204
9526791548
9528086392
9528380736
9528548204
9528968048
9529612173
9531604736
9532265048
9532672986
9533543986
9533765236
9533953173
9534375267
9534759392
9535455486
9536243954
9539253298
9542682736
9543371298
9544061329
9544990142
9546807642
9549176736
9549826642
9550897267
9551092673
9551224704
9551717954
9553302267
9554489392
9555083267
9555448454
9555723704
9557065392
9557555611
9557837173
9558657579
9558908142
9560715173
9561721392
9562008079
9562290454
9562692798
9563604298
9563738954
9564053361
9565367079
9565567423
9566348829
9566536923
9566735111
9567242548
9567388548
9567737236
9569001048
9571949704
9572490611
9573872704
9574909517
9575579048
9576117236
9576516673
9576623048
9578820954
9579941579
9580414111
9580598767
9581383329
9582369048
9583390986
9583662204
9583724704
9584408548
9585512517
9586520486
9587214548
9588212673
9588373611
9591048736
9592105298
9592591298
9593297704
9593989579
9595255517
9595364142
9595809486
9595961267
9596863829
9596926423
9597113173
9597244454
9598148704
9598264267
9599737329
9600279954
9600543298
9601098017
9601355642
9602033611
9602150954
9603268829
9603633548
9604491798
9606048829
9606329736
9609157986
9609483423
9610925954
9611828986
9612636486
9613439079
9613634829
9613899673
9616277798
9617763611
9618175267
9619109329
9619810267
9620034048
9620213329
9620440767
9622161267
9622485642
9622606392
9623026204
9623243673
9624813798
9626753767
9627407267
9627774892
9627952204
9628796517
9629018298
9629608892
9632606642
9632979329
9633360798
9634127673
9634447611
9634617017
9638056423
9638400048
9638828579
9639074204
9640003204
9640090392
9640945892
9641042798
9641669017
9642439548
9643080361
9644009329
9645914736
9646248329
9646619892
9647196454
9648069204
9648262986
9648888673
9649108767
9650554736
9651489861
9651883736
9652983642
9653900923
9654320329
9654779767
9655844986
9656607736
9658166829
9659428236
9659911267
9660110392
9661134048
9661382517
9661604517
9662067079
9662478361
9663265798
9663846142
9666055173
9666388142
9666682392
9667631392
9667754486
9668248517
9668648454
9670035048
9670798798
9671849611
9673211829
9673327236
9673668829
9675223329
9676747267
9677216642
9677434079
9678540798
9680083361
9680329486
9680901173
9681491298
9681747329
9682869173
9683075142
9683242142
9683429111
9685393642
9685865642
9686156892
9688305423
9689396267
9689824767
9690526954
9690825767
9692024954
9692457517
9693055611
9693475673
9694150923
9694361829
9694819923
9695690954
9696458798
9696814736
9696925673
9698098142
9698933673
9700802017
9701435954
9701717517
9702134361
9703279486
9705309767
9705971329
9707730298
9707994454
9709299454
9710195767
9710749986
9710988548
9712549173
9713204236
9713471517
9713656642
9713862236
9714650986
9714974392
9716286704
9716519767
9716689079
9718248892
9718505173
9719539517
9719656423
9720044329
9720470861
9723874861
9725122923
9725426142
9725814517
9726169611
9726439798
9726921954
9728188704
9728312611
9729036579
9729546954
9730409079
9732457548
9733166486
9733584548
9733829579
9734408048
9734695392
9735735611
9737713704
9739117486
9740017204
9740335142
9741126267
9741704736
9742269204
9742971517
9743580954
9744332048
9746751204
9748245548
9749385704
9749665236
9749801767
9750826079
9751211611
9751619017
9752950204
9753550673
9753967704
9754193173
9754292486
9755122204
9755369267
9755891392
9757424142
9757948142
9758158204
9758478392
9758592392
9758837642
9759304611
9759338829
9760017111
9761009142
9764490767
9764538392
9765100954
9765543704
9765814611
9765871017
9766537579
9766805329
9767371923
9768094486
9768698642
9769103673
9769272517
9770153142
9770412798
9771281954
9772330704
9772411361
9773740267
9774896548
9775679486
9778693642
9780871173
9781253611
9781702486
9781892923
9782357111
9784849017
9784900642
9786440486
9786497611
9786819986
9787265923
9788255486
9788363767
9789101486
9789728298
9790731954
9790936017
9792261642
9792682173
9794013548
9794437017
9794645204
9795068236
9796236048
9796815142
9797682079
9798344704
9799565704
9800184673
9801606204
9801949798
9802000829
9802678829
9803371767
9804698236
9805660329
9806065673
9806672642
9806829017
9807999798
9809531892
9809764954
9810454798
9810894173
9811578736
9812559204
9813626454
9813662142
9813867861
9814233923
9815103642
9815781111
9816830861
9817490673
9818337798
9818921048
9820411829
9821743423
9822526736
9823619111
9824858173
9826752861
9827178048
9830038704
9831083204
9832557704
9832804642
9833526454
9834058111
9834089236
9837017642
9837597767
9840467642
9841026454
9843412517
9844312454
9844525954
9847116486
9847326954
9848117923
9848931798
9849719486
9850554736
9851460861
9851921048
9852929704
9853695517
9853819611
9854833798
9855179923
9855344329
9855978017
9856073548
9856282048
9856584267
9858272642
9858588767
9859237329
9860019017
9860042111
9860537548
9861266173
9862150986
9862572798
9863278704
9863330173
9864203142
9864714579
9864988829
9866636361
9866787892
9868030861
9868798767
9869221204
9869992079
9870595236
9871683736
9871857423
9873056673
9873583017
9873790017
9874186423
9874784048
9875748923
9876394579
9876955923
9877111298
9878682986
9879189892
9879279079
9879557642
9881545173
9881567861
9883205079
9885106329
9888583361
9889082017
9889665704
9891787611
9892971517
9893442861
9893828986
9894134829
9895090079
9896761986
9897478986
9897781079
9899398173
9899981767
9900354361
9901123611
9901997954
9903425111
9904289829
9905135048
9905317517
9905968017
9906220548
9906507611
9907989361
9908742673
9909200298
9909243392
9910112392
9910799736
9911659611
9912399392
9914276111
9914590673
9914842173
9915120079
9915314798
9916596611
9918857142
9918945829
9920243173
9921492423
9922180798
9922607642
9923599048
9924041798
9924490079
9925048829
9925194267
9925505829
9925906986
9929622267
9930238236
9930722173
9930862704
9931105798
9931276642
9931352611
9931641267
10005039454
10006255392
10006942517
10007741142
10007880548
10008055954
10008497329
10009409548
10010622392
10013564173
10013872142
10014320579
10014762611
10015169548
10015570923
10016105236
10016245017
10017214236
10017310111
10017587079
10019121361
10019879079
10020167642
10021464642
10022715954
10022857829
10024402173
10025496798
10025850579
10027513454
10027868736
10028164392
10028452798
10028676986
10030488579
10030804954
10031058517
10031199767
10031856111
10031915611
10032194892
10034186548
10034467579
10036893704
10037055861
10037432048
10037877392
10038458423
10038886736
10039118173
10039423642
10042981017
10043670267
10044230704
10044370079
10044650861
10045275861
10045298361
10045436298
10047163954
10049674736
10050491517
10050726923
10051303642
10053235017
10053748611
10054867173
10055504204
10057678923
10058320892
10059610548
10059895548
10060047236
10060196423
10062085423
10062350267
10062615454
10063733236
10064112986
10064736892
10065384423
10066582579
10066994236
10067699329
10068728736
10068877298
10069787798
10069886923
10070019954
10071452579
10072250423
10072866954
10073636642
10073781611
10075494204
10075688767
10077192236
10078343954
10078519579
10078912704
10079805454
10080382767
10080586173
10081618548
10083028642
10083203892
10083405861
10083739673
10084172673
10084372423
10084836111
10085176923
10085391704
10086044642
10086484798
10086713236
10087377079
10089852079
10090425173
10090673986
10090831392
10092118454
10092177017
10092876767
10095603736
10096338892
10098481329
10099274767
10099611704
10100248267
10100997236
10102093673
10102771236
10103004673
10103092642
10103995704
10105384548
10105636954
10107883236
10108505423
10108610736
10110512236
10110640548
10110846048
10111391829
10113658642
10114129611
10116821267
10117825204
10118648704
10118854048
10119677704
10125903454
10126532829
10127960704
10128564829
10130368361
10131199892
10133465611
10133938079
10134755454
10135597267
10136316986
10137402142
10137953486
10138268517
10138655298
10139612079
10139655173
10140105423
10140619361
10141010486
10141347579
10142367767
10142489517
10142720517
10143172079
10144047079
10144183579
10144821611
10145258267
10145965142
10146706642
10147295548
10147620923
10148217267
10149756611
10150537048
10151176923
10151305986
10152954611
10154567673
10154909892
10155200236
10155948267
10156456298
10156816204
10158633204
10159270923
10160100798
10160848829
10161558861
10162402923
10163482611
10164213017
10164328423
10164386736
10165409361
10166194954
10166446986
10166510986
10166946017
10168083111
10168236236
10169587548
10169755767
10169985861
10170433204
10171907704
10172611954
10172774079
10173610048
10174752798
10176439861
10177054579
10178799954
10179181017
10181472861
10181957642
10182222204
10182430798
10184478954
10184871642
10185301142
10185844829
10186214048
10187737329
10188494423
10189323611
10189840486
10190030861
10194017361
10194118892
10194502173
10194917954
10195055486
10196765142
10197433829
10198197548
10199616298
10201526861
10203345454
10203523486
10204121142
10204727361
10205398079
10206990486
10207174423
10208533861
10208856142
10210145517
10210988892
10211239798
10214216986
10214428736
10214745298
10216104267
10217070673
10217460829
10219335767
10220021548
10220956892
10222264204
10222701579
10223492079
10224022111
10224330861
10225605267
10226137267
10226213267
10226985454
10227368111
10227767329
10228627236
10231160642
10231621017
10232342454
10233040861
10233759767
10237931736
10238658861
10238903517
10239431923
10240323111
10240505204
10241255642
10242763767
10243157517
10245753673
10246423329
10246745611
10247930486
10248133173
10249319204
10250405767
10250843548
10250948204
10251129642
10251501642
10252469861
10252781142
10253158611
10253997579
10256158298
10256663298
10256788236
10256831017
10257002454
10257527267
10259069048
10259762798
10260044111
10261029017
10263345423
10265176204
10266592423
10268388923
10268892923
10269291111
10270188954
10271582267
10272469173
10272871517
10274485142
10274867142
10277303392
10277751392
10279024454
10279137486
10280537673
10280570548
10280871204
10282569486
10284984267
10287735798
10289488704
10292328767
10293824454
10294180142
10295207986
10295312048
10296334048
10298523361
10299059642
10300408642
10301118204
10303838454
10304279954
10304731454
10305953579
10307248954
10309841017
10315722017
10316291267
10316467892
10317220986
10318540454
10319658892
10322766454
10323429517
10323711298
10323866454
10325066579
10325566204
10325667923
10325960798
10326311017
10329277923
10329397798
10331069329
10331522329
10331582267
10332886548
10333180736
10333365704
10334216798
10335105392
10335713673
10337123798
10337675017
10338781454
10339125892
10339675579
10340170704
10340722423
10340769392
10342053048
10342636423
10343192954
10343260392
10344987329
10346834236
10347201704
10347368579
10348299579
10349276204
10349548048
10350475861
10351893454
10355234329
10361191236
10361380173
10363092704
10363595548
10365338673
10366186017
10366957986
10368464954
10368792236
10369549486
10369759861
10370681111
10371100861
10371608611
10372315048
10372495079
10372733736
10373087329
10373208829
10373873204
10375175736
10375362704
10375810892
10376969517
10377439548
10377744111
10378104392
10378347298
10379823579
10380299704
10381202329
10382529329
10383000736
10383549579
10385029392
10385157048
10385506892
10385931486
10386076111
10386710361
10386898111
10387879079
10388151517
10389387267
10390008142
10390243704
10390534704
10391539142
10391910548
10392253392
10392379611
10393715923
10393883267
10394974861
10395222142
10396827486
10397611954
10400569611
10400770111
10401464392
10401809329
10402641173
10403148423
10404798142
10405137517
10405544798
10407463704
10408317454
10408923798
10409186767
10411121642
10411984236
10412782579
10414489079
10416050673
10416856486
10417678267
10419550486
10420112892
10420416954
10422246017
10423243204
10425416142
10425922704
10428118111
10429832173
10430733704
10431569954
10432175517
10432412923
10433075923
10433454548
10434013986
10434071267
10435666142
10437534267
10438481079
10438726892
10439269673
10439854767
10441254111
10441628298
10442294267
10442802767
10444090048
10444427954
10444575454
10444592986
10445427486
10446079267
10447360954
10449011736
10451302642
10453410611
10454585704
10455211923
10455454486
10456575454
10457997829
10458132392
10458899486
10459197548
10459389923
10459448423
10460378236
10461344892
10461378611
10461454329
10461787642
10462305986
10462600017
10462789954
10463601673
10464071861
10465678954
10466511329
10466875267
10468662329
10471722329
10476104111
10476836298
10477417236
10477923673
10479472298
10479738204
10481355986
10481948236
10482123173
10483037423
10484081579
10485114142
10485225517
10485450204
10490106048
10490134736
10490201454
10490270048
10492459611
10492666267
10493327954
10493725923
10494605079
10494933767
10495740454
10495879329
10496566579
10497046954
10500134454
10500893798
10501251611
10503253111
10503557548
10504724298
10505436986
10507377329
10508242517
10508697892
10511453361
10512040517
10512521079
10513079298
10513509548
10514670298
10514864173
10515602173
10516136986
10516636329
10517615892
10517854798
10518455329
10518669454
10519098079
10519767204
10520560892
10521389486
10522913392
10523560798
10524070423
10524211986
10525054361
10525495986
10526305454
10527074923
10528886204
10529435486
10530470329
10531927642
10532794267
10533974267
10534427454
10534503142
10535419204
10537591736
10540102423
10541142017
10542673829
10543116361
10545119611
10546226017
10547441204
10548081017
10548383798
10548945204
10552961673
10553581892
10554468642
10555039111
10555468111
10555574329
10555677454
10555974486
10556826423
10557655954
10558929861
10560314579
10560732361
10560834204
10561426923
10562029548
10562289361
10563698611
10565971204
10566385892
10568507673
10569120798
10569447736
10570147642
10570809298
10571077986
10571713236
10572168267
10572845454
10574875236
10576731861
10578716986
10580798954
10581757236
10581978673
10582673579
10583832954
10585289079
10585678329
10586389236
10587173204
10587913017
10589301611
10589795923
10590151392
10592265486
10592819673
10593196579
10595043486
10597371017
10602141361
10602928361
10604430079
10606200142
10607020611
10607129423
10608708236
10609178204
10610303642
10611225861
10612591798
10612887142
10614575611
10615172329
10616430048
10616581392
10616872048
10617135204
10618895298
10619608298
10622528111
10623273236
10626892423
10627757486
10628850048
10629786767
10630321736
10630760704
10631211079
10632186204
10634210454
10634780986
10635060142
10635433142
10637545548
10637985454
10638314486
10638599079
10639980017
10640481454
10640669736
10640799298
10641057142
10641532017
10642310704
10642392517
10642780111
10643255017
10644374454
10645067861
10645536548
10646226329
10647468611
10647858204
10648072548
10649568361
10650413923
10650670017
10651649267
10653594142
10653937236
10654430829
10655510236
10655652267
10656337829
10657933611
10658813111
10659338642
10660964704
10661907579
10663926423
10665340954
10665924517
10666622673
10666757954
10667621829
10667936548
10668080329
10669407954
10669796704
10670518548
10670792204
10671253954
10671955423
10673373642
10674114142
10674332329
10675622986
10676577423
10678944454
10680223236
10680987423
10682201267
10683547548
10686133579
10686561423
10688015017
10688439454
10689162486
10689312954
10689514829
10689721736
10690638861
10691255173
10692717642
10693050861
10694068392
10694104892
10699601517
10700672986
10704716798
10705357173
10706034204
10709074142
10709136361
10711173454
10711792142
10712371579
10712956142
10715365079
10715896704
10716639048
10718334829
10718411017
10719005236
10719318486
10719535361
10720444173
10721310642
10721808611
10722751173
10723099017
10723185142
10725791267
10726194204
10726673454
10727051486
10729254142
10729313392
10730609017
10731667142
10732670298
10733803798
10734131111
10737565861
10737716892
10738134611
10738577704
10739696111
10741163673
10741487923
10743762267
10743871079
10744123017
10746307861
10746536954
10746978673
10748326923
10748950954
10750165736
10751921361
10752789173
10753943142
10754426829
10755130173
10755521642
10756069298
10756222111
10757440048
10757589361
10758673454
10760231329
10760795142
10761003423
10761876704
10763674142
10764395861
10765862329
10766110673
10769772704
10773621173
10774417173
10775332423
10776890798
10776979236
10777301017
10779039673
10780363861
10781583861
10783942923
10785037673
10786842298
10787793923
10792176267
10793685892
10794683454
10795860079
10796025892
10796356361
10796823267
10797788861
10800320517
10801290892
10801817548
10802438611
10802910548
10803941329
10805072173
10805196611
10807128142
10809177611
10809714236
10812165048
10812300548
10812521673
10812562579
10813240704
10813692673
10815771236
10816479736
10816554392
10816688486
10816859423
10816921611
10817135017
10817230048
10818577298
10819314861
10819902642
10820412986
10821623923
10824781298
10825055173
10825857048
10827242673
10831804267
10832258236
10833571861
10834295048
10834639517
10836359111
10836696204
10836951517
10838484017
10838982548
10839050361
10841965923
10843016798
10843514486
10844388736
10844874642
10846027423
10846808579
10847207954
10847684548
10847872517
10848439267
10849262704
10850868579
10851370361
10851702236
10854450548
10857133767
10857858704
10859816611
10860458767
10861067798
10863703361
10865226017
10865702048
10866047142
10866610892
10867181329
10867428986
10867881798
10868278673
10868853579
10871165329
10871422829
10871961954
10875476923
10877835298
10878158236
10880580517
10882880017
10883048173
10883459579
10885687454
10885981704
10887794392
10890007048
10892002954
10893257829
10893455454
10895114111
10895745142
10898207017
10898805267
10899742736
10901332017
10901591017
10902528454
10903579892
10905416048
10907110986
10907908392
10908877173
10909587142
10910779579
10911410829
10913847517
10914783486
10915010017
10915565111
10915989017
10916493986
10917020298
10919753829
10920597704
10925101236
10925574298
10925863048
10927894392
10928125673
10928881454
10930002298
10930509892
10932196048
10933191392
10935315423
10937116923
10937895736
10938622892
10938903329
10940582142
10940985673
10941665736
10941985079
10945709173
10945981548
10947519548
10948182079
10948494642
10948849923
10950780486
10951802736
10952798829
10953971923
10955231454
10955879642
10956384298
10956944986
10959338048
10959549173
10959638329
10961235798
10962044986
10962365173
10963689642
10964405142
10965175142
10966548829
10968494236
10968556704
10968822236
10969097204
10970320079
10971513704
10976526329
10977263986
10979532173
10980216204
10980913673
10982711673
10982984642
10983939204
10984129798
10984779954
10985128454
10985939111
10986140267
10986508361
10986540111
10987046986
10987770392
10988870423
10990521079
10990706111
10992499329
10994284798
10994800673
10995431579
10995481361
10995582548
10998545642
10999957392
11000556736
11000698329
11000948173
11003737454
11005033704
11005293236
11006826423
11008600111
11009360861
11010923017
11012251517
11012664236
11012904267
11014275486
11015290173
11015576736
11015759986
11015912267
11015966142
11016354204
11016791736
11016845517
11018390611
11019356329
11020507829
11021465423
11021477423
11021874986
11022209267
11022423611
11023437204
11023482173
11023802861
11023916298
11024115642
11024819111
11025647954
11025697392
11025768017
11027059954
11027320298
11027410454
11027659548
11027897923
11028266173
11028814892
11028961954
11030198704
11030800954
11032138704
11032317236
11033423079
11034087173
11034891173
11035054111
11035124392
11035711767
11036279079
11037132142
11038629454
11039444861
11041197079
11041867236
11042053798
11042315017
11044399204
11044723048
11047297548
11048506954
11048745861
11049026392
11049308923
11049536579
11050846986
11051440798
11052003923
11052325642
11053011954
11054946892
11055411892
11055861486
11056539986
11056778517
11058223298
11058610923
11059953986
11060096673
11061571892
11062787829
11063053423
11063569923
11064049611
11065499204
11069150548
11069360329
11069646423
11069955454
11071218048
11071383079
11071591798
11071939517
11074904361
11074982673
11077684642
11078284079
11078293392
11079001173
11079687736
11079793767
11080031017
11081668048
11084941298
11085247079
11088657642
11089200111
11089610486
11089908079
11090117986
11090537611
11090901642
11091247392
11093361642
11095598892
11096287673
11096666798
11098357361
11100054017
11101298923
11101653923
11104214048
11104763329
11105203454
11106071611
11106685954
11106962673
11107525267
11109935736
11110138142
11110456736
11110515423
11110867454
11112185079
11112564454
11112743829
11114301142
11116990548
11117618954
11117630517
11119259079
11119790548
11121156236
11121655829
11122041611
11122655423
11123248642
11123476829
11123924017
11124361173
11124627986
11124964517
11125098798
11127197048
11128375454
11128888142
11131915173
11133418236
11133511704
11133599579
11134733017
11135452579
11135773267
11139147423
11140351736
11141508892
11142235236
11144197548
11145019829
11145906111
11148915767
11149866736
11152179111
11152561361
11154390111
11154701204
11155801517
11157337611
11158262017
11159320736
11159693298
11160059079
11160385423
11160806236
11161453298
11162466392
11162545892
11163265548
11163361767
11164756392
11165127548
11168537579
11169990986
11170752267
11171136861
11171363736
11172230954
11172970361
11173459798
11173556642
11175394736
11176238798
11176775298
11177223173
11177402236
11177441486
11177666642
11179648236
11181086517
11183977829
11184268111
11184846486
11186000861
11186932267
11188622548
11190098642
11190325173
11190599236
11191463298
11192449642
11193126423
11194291111
11196787892
11197780017
11198281361
11198298329
11198591642
11201533048
11202129142
11205482392
11206583611
11211193361
11211627079
11213967173
11214135392
11215039798
11216421954
11218171329
11218945954
11220069392
11220263986
11221787736
11223524048
11225087017
11225199704
11226309423
11226575798
11226879673
11227116361
11229478704
11230676079
11231607642
11232107298
11232993548
11233786642
11234168517
11235422736
11235588517
11236388142
11236810173
11237545517
11238239392
11238961673
11240106986
11240780329
11243839454
11244036236
11244291861
11246647173
11247126954
11248073954
11249787454
11250311829
11250644048
11251325611
11254040986
11255026017
11255496329
11255784361
11256018017
11256945736
11257782173
11258484704
11259900611
11260852829
11261185673
11263422173
11263520329
11264767986
11265729079
11266675548
11267351392
11269176923
11269319892
11269452017
11272687111
11274500329
11275412767
11276094829
11277457704
11278413329
11278851423
11280275548
11280892048
11283323986
11283662642
11284133267
11286778079
11286956798
11288524767
11289030423
11290135361
11291017423
11291197204
11292997079
11294156767
11295146204
11297446423
11297482673
11300299173
11301108986
11301154204
11301570767
11302512611
11304425954
11305155267
11306171861
11307351048
11308418861
11308946642
11309427236
11311203486
11313935048
11314037298
11314853736
11316110704
11318380454
11318708236
11319128298
11319652548
11319892236
11320885861
11322719017
11323135298
11323828579
11324206361
11325241611
11326426923
11326554736
11327656486
11327846454
11330339829
11331157767
11331560829
11332050986
11332562954
11333046829
11334675923
11335891298
11337211517
11338058579
11339572579
11339606986
11341817923
11341941048
11343022048
11343246361
11345001642
11345836173
11346925611
11349203673
11352396111
11353641579
11354045829
11354588548
11354873142
11354995361
11355328954
11356629142
11357160329
11358589986
11358914736
11359560298
11361624423
11362425798
11362840986
11363934111
11364635111
11367007361
11368027329
11368821642
11369238798
11369792829
11372835486
11373159673
11373508204
11374348142
11375110486
11375276517
11376423423
11377085142
11377824642
11378621736
11380837579
11381504736
11382955548
11383510079
11384541798
11385318798
11386121673
11386750017
11386970361
11388397142
11388959454
11389293361
11389718798
11390053079
11391564642
11392963736
11393522767
11394156267
11394572017
11395004298
11395747548
11396141892
11396626548
11396914204
11397248267
11397945298
11399167736
11399503798
11401309736
11402041454
11402487267
11403137548
11404233673
11404771611
11406048736
11406459767
11406542579
11408501642
11408662361
11410258923
11410463173
11411460454
11412212767
11412709798
11413303579
11415485954
11416463517
11416521173
11416799392
11417598111
11418415861
11418854142
11420154017
11421079173
11423385548
11423712986
11423938423
11424424048
11425267079
11425380704
11426350454
11426965736
11428722298
11431646892
11431706361
11432620142
11433821267
11434510579
11435712142
11436280986
11436584361
11438124736
11438352736
11439214767
11440026579
11440342923
11442117954
11443592923
11444307204
11444805798
11445519611
11446254298
11447523236
11448343423
11448724767
11448790704
11451292892
11451703986
11453895236
11454413361
11454803704
11455115892
11456951892
11461151423
11461832423
11461956736
11462263798
11463266892
11464651923
11465414454
11466038642
11466234329
11467594392
11467677454
11468887142
11470543329
11471971798
11475452798
11475587423
11477163111
11477483829
11479486111
11479640798
11480013329
11480946611
11484139923
11484317704
11485391611
11486947548
11487670954
11488721767
11490105798
11492155954
11493685986
11494110829
11495536392
11497032829
11499471142
11499519954
11499920017
11500306236
11500734704
11502787642
11502834079
11502999548
11503494392
11503861579
11504218986
11504598486
11504881517
11505502954
11505648048
11506687048
11507567923
11507727736
11508101079
11508659423
11509667954
11510051892
11510491923
11510881423
11511353454
11511984173
11513135111
11514536017
11515463611
11517358173
11517907986
11518477767
11518493829
11519399454
11521234486
11522603267
11523425423
11523899204
11525056142
11525591611
11525614329
11525656329
11526717173
11528019329
11528705173
11528790486
11529905954
11531458142
11532650454
11532671173
11533291111
11533437986
11539628204
11540023361
11540935611
11541246392
11543865579
11547315017
11547737173
11550013173
11550180173
11551153736
11551968923
11553606423
11554384017
11554732298
11554917517
11555546079
11556946861
11557396017
11558119454
11558570267
11558905767
11559133111
11560104548
11560614329
11561891704
11563166236
11563479923
11564649236
11565951673
11568226111
11570745986
11571756298
11571794517
11571922829
11572223767
11572690767
11573416892
11573858486
11575955392
11576153892
11576794736
11578108017
11579052954
11579941173
11581062861
11582431954
11583110517
11583560142
11583778236
11583819017
11585219736
11585564986
11585764861
11585945517
11586062267
11588288798
11589274173
11591224954
11591569548
11594199486
11594671736
11595225611
11596484142
11598945798
11599332079
11600845236
11601085673
11601660798
11603557204
11604439736
11604624736
11605199017
11605283298
11605327079
11605685923
11606508642
11606806298
11607668704
11609221048
11609471767
11609857048
11610389986
11610508954
11612025829
11612232767
11613530173
11615842329
11616854642
11617238579
11617625298
11617970736
11618075579
11618197517
11618770204
11619111673
11619176298
11620247611
11620376392
11621093454
11621792954
11622127736
11623003298
11624082954
11625573861
11627042861
11627814673
11629633486
11629864923
11630008579
11630860204
11631421579
11631923704
11632558548
11632680454
11632967173
11634466767
11636243111
11636418329
11638106454
11638446954
11639773923
11642443736
11642769798
11643308454
11645255111
11646014954
11646792517
11648173204
11649002923
11650455548
11650719298
11650825954
11653818986
11654338954
11654834017
11655302704
11656717329
11657778329
11658973204
11659668423
11660144767
11661197892
11665162048
11665785329
11666484611
11667810673
11668543079
11670152173
11672337329
11673691517
11674261829
11675759767
11676139298
11676507548
11677057298
11677297298
11678454361
11678713579
11680173892
11680898454
11683191361
11683826798
11685393548
11686133611
11687394954
11687889517
11689275392
11689735142
11690094829
11691087829
11691486548
11691836954
11692941954
11693260829
11694188173
11694983923
11697700142
11697741454
11698070142
11699393423
11699668517
11700521954
11702432392
11703299954
11703854423
11704224392
11704309736
11707497986
11707581892
11707741642
11709474173
11710095236
11710855267
11713029954
11714359611
11717037798
11718133642
11718381486
11718529048
11719256548
11719862767
11721146767
11721595736
11722326079
11724352611
11724844829
11725560986
11726310704
11726594767
11726871954
11728015611
11728718361
11729962892
11730313017
11730914829
11732879048
11732932048
11735429986
11736206611
11736516111
11738093829
11738690986
11739862798
11741166079
11741997548
11743081704
11743490579
11744052048
11744463954
11746076892
11747039611
11748057704
11750164204
11750892486
11753248454
11755190361
11755340236
11756397423
11757395173
11758821392
11759508048
11761499236
11763056236
11763485329
11763517736
11765068673
11766726329
11768798798
11769676048
11770099048
11770996798
11773216611
11773760392
11774343642
11774713642
11776351204
11776555173
11776844798
11777220048
11777337611
11778026642
11780858329
11781137986
11781349986
11781807517
11782096517
11782421017
11783134673
11783350329
11784412861
11785255579
11786628454
11786939236
11787103329
11787539642
11788404111
11788888736
11789114986
11791277736
11791868861
11792465704
11792607298
11793516861
11795583142
11796105517
11797685079
11799368767
11799588329
11800023704
11800290111
11800584017
11800769236
11803380642
11803576454
11806070079
11806366829
11807897173
11808302579
11809679486
11810537423
11811270986
11811685267
11814000454
11815503579
11817273892
11818595642
11821388173
11823705829
11825103923
11825347017
11826137298
11831078704
11831373923
11833716111
11836155454
11837764298
11837855111
11838045454
11838204548
11839624236
11840366423
11841819704
11843307548
11844714111
11845749861
11846431579
11848466579
11849525829
11854083111
11856605454
11857909704
11858639829
11859541642
11860879236
11861582236
11861965392
11862826579
11864954767
11865052736
11866998923
11868974298
11869876798
11870405361
11873379142
11874441111
11874991892
11875123048
11875310923
11876723267
11877758736
11879248423
11880965173
11881703298
11882586267
11884367986
11884889454
11885675236
11885879111
11886340767
11886935611
11888078829
11888623236
11889263298
11890314204
11892843454
11892979454
11893180204
11895840454
11897754204
11897891798
11899111298
11900452017
11900782829
11900972798
11901173017
11901502486
11901615861
11903157423
11904633736
11904968329
11906202704
11907144892
11907361954
11907752861
11908282298
11908450642
11909373423
11910163673
11910414704
11912729454
11913778423
11914721423
11915355548
11916044329
11916787423
11917946954
11919968767
11920662892
11921075673
11921375454
11923277923
11923350673
11925054236
11925803454
11926649236
11927233142
11928240954
11928392704
11929729954
11930675486
11930940579
11931076517
11932043611
11933451017
11934797173
11936898361
11937521423
11938667329
11942611392
11943033892
11944427517
11945984986
11948136486
11948790486
11949018329
11952006111
11953022611
11953243892
11954217798
11954520517
11955322673
11956024329
11956256579
11957241142
11957634079
11959218861
11960516204
11960902361
11961503673
11963952173
11964359954
11965271611
11966720798
11967093079
11970934236
11971047329
11971588986
11972000923
11973877392
11974421611
11974516704
11976260392
11979171829
11982389923
11983049329
11983225767
11983520486
11984540236
11985888642
11986237298
11986686892
11987226611
11987471798
11987921923
11988520079
11990559892
11991765079
11994315611
11995320454
11995396142
11996733642
11997406798
11998447611
11999935048
12000460673
12000904204
12001430236
12003303579
12004059079
12007017798
12008646236
12009729642
12009833204
12011601673
12013543423
12015913017
12016408673
12016676923
12016956517
12017608298
12017940017
12019337517
12021870954
12022325048
12022393079
12024023579
12025378423
12025442611
12027738673
12028890329
12029045861
12029482986
12029984236
12030149048
12030472111
12031130298
12031539454
12031703267
12033661892
12034736267
12035910454
12036557329
12038276767
12038407954
12039768704
12040310548
12041346298
12041598111
12042189204
12043142048
12043241423
12043839142
12044398642
12044560861
12045661673
12046687361
12046901954
12046986798
12047558611
12048568861
12049409486
12050323079
12050517017
12051130736
12051135673
12053316079
12054311611
12055293892
12055594829
12057197048
12057508423
12058522861
12061673392
12063208579
12063751048
12064423954
12066064017
12067332673
12067990642
12068024736
12068633423
12068962392
12069741548
12071311611
12071627829
12072205517
12072280392
12073073517
12073580486
12074416142
12076387142
12077358798
12077654017
12079512392
12080612798
12081136111
12082268642
12082853923
12086048361
12086776548
12087865861
12089698361
12090710236
12091071579
12092630298
12093031611
12093611767
12094266361
12094442173
12096751329
12096820111
12097727954
12098330798
12098747954
12102245986
12102660017
12102870954
12104618642
12104884454
12105846048
12106266298
12106727361
12107871704
12108893329
12109459611
12111294079
12112191298
12112774392
12116198704
12117973704
12118958736
12119781611
12121126829
12122595861
12123169267
12123451829
12126998454
12129201454
12129530704
12130021236
12130975579
12131224954
12131882361
12132266517
12132558579
12133414642
12133661361
12134027454
12134114829
12134627298
12136083767
12137199454
12137813892
12139167204
12139590736
12140325142
12140479767
12140627986
12140815736
12142729298
12143269642
12143334923
12143736642
12144750923
12145113892
12145366861
12146378236
12146977517
12148238892
12148516954
12148968079
12150795486
12151205611
12152425048
12153762798
12154535329
12155203892
12156659173
12156782392
12156927079
12157247454
12158022267
12160335079
12161264329
12161662736
12162132517
12164136079
12164510611
12166705486
12166848204
12167156486
12168029704
12168959954
12168995173
12169441829
12169817829
12171071454
12171189017
12171344892
12171905361
12173776142
12175623892
12176144236
12176839767
12177517361
12179170017
12179511986
12182581673
12184315736
12185417548
12185751392
12187702329
12188114236
12188312954
12189267142
12189510392
12190751486
12190937329
12191262329
12193021892
12194412798
12194951454
12195997736
12197679673
12198264173
12198828142
12199458142
12199609892
12201461923
12203048173
12203856579
12204030236
12205017861
12207265517
12207984704
12209072423
12209918861
12210000298
12210920454
12213674704
12214515423
12214770048
12215136923
12215621548
12216405204
12216709829
12219157361
12220499517
12221435486
12221685829
12222281329
12223215173
12225447267
12225655017
12229077986
12229346423
12229710173
12230843829
12231221954
12233289173
12236566861
12236953423
12238368329
12239171173
12239373079
12239540642
12239595642
12240123236
12240355486
12240948579
12242441954
12243574861
12245993329
12246588736
12247889329
12248061423
12248888517
12250909861
12251394329
12252961236
12253248173
12253904767
12254311548
12255063861
12255127642
12255205423
12256246954
12256582704
12260113079
12261322204
12261798892
12263952298
12265154173
12273579861
12273621829
12274906736
12275339798
12276688892
12277119392
12277900486
12278604079
12280561736
12280877392
12280923736
12281404329
12283138673
12285165048
12285783767
12286950017
12287563267
12287659236
12288323517
12291207673
12291737673
12294826861
12295391454
12296165611
12296997767
12301727954
12301872517
12302855767
12302901517
12303383548
12303880548
12304926142
12306808517
12307904954
12308135673
12309249892
12309866173
12312600079
12314339236
12314407392
12317253298
12317440829
12318795142
12319474892
12320444611
12321724704
12322569173
12322755767
12323478204
12323771142
12325219329
12326232798
12326421048
12327464579
12328563548
12329321298
12330703954
12331882517
12333522204
12333935517
12334153173
12334687892
12336423892
12337444704
12337875454
12339539704
12340736517
12340900892
12342460392
12343907111
12344205767
12344497767
12344799329
12346653236
12348850923
12350220298
12352071673
12353990861
12354878329
12355563173
12357977017
12359336486
12359637423
12360317298
12364275142
12366279111
12368130267
12369489173
12369582798
12370158923
12372162079
12373500923
12373706017
12374298079
12376322267
12378231829
12378578673
12378788923
12380428579
12382251361
12383057298
12383324017
12383616454
12385166767
12385407486
12386165986
12386641204
12387104267
12387311079
12388608829
12389027517
12391058829
12391136767
12391982423
12392354486
12392447079
12392789236
12393316517
12395688173
12396342173
12397578954
12398427392
12398434642
12398465048
12398657829
12399821767
12400444486
12402616486
12403620892
12404077892
12404801923
12405491173
12405606673
12407674986
12408217923
12409465204
12409756829
12410107267
12411317954
12411687017
12411982486
12412188267
12412720767
12413449204
12413869798
12415052079
12415722673
12416189923
12417026017
12417879236
12418500548
12419990486
12420269892
12421252861
12421748548
12422389048
12422935267
12424329829
12424395486
12424661361
12425363923
12426573767
12428251111
12428422048
12430249954
12430812298
12431109986
12431935517
12433107173
12434054954
12434816829
12434927392
12435094798
12435410236
12435487767
12436103673
12436357829
12437187111
12437255736
12437410611
12438233017
12438782267
12439045173
12443345298
12443535423
12444061611
12445173048
12445442642
12445795642
12446800829
12449986079
12454501673
12454873861
12455433986
12455623329
12456055329
12456573329
12457341642
12457917423
12458772423
12459098423
12459614736
12459732704
12460425236
12461913204
12463354048
12463904767
12465877704
12466401517
12466676861
12467025048
12468123392
12469454329
12470582579
12472475673
12473003204
12473047517
12473221642
12474264954
12474676454
12475670361
12475961392
12476324142
12477105423
12479800861
12479962423
12481766048
12484589611
12484735517
12485016361
12487725829
12489642736
12489710517
12489760361
12491286298
12491483986
12491650392
12491789486
12492772736
12492960861
12493723423
12494513423
12496785548
12496973423
12497945142
12498170892
12498906736
12499365204
12499459392
12499637329
12500323673
12501378236
12502157298
12503800204
12504329704
12504384673
12505097892
12505297798
12505935954
12506938548
12507176736
12508464111
12508720361
12509170517
12509613204
12509900517
12510581361
12511685111
12513285923
12514151486
12516379267
12516845517
12518959829
12519537798
12519561173
12520366736
12520797079
12521014173
12521371236
12521486079
12522260954
12522778392
12523292236
12523438298
12524000642
12525191767
12526397986
12526580642
12526905204
12527178517
12527957986
12529219142
12531084361
12531619423
12532135548
12533915361
12534601204
12535322736
12535417986
12535745517
12536050736
12536268361
12537135267
12538055423
12538529861
12540539173
12540672048
12541484642
12541918611
12542044704
12542058829
12542614423
12542982548
12543498173
12543600392
12544110986
12545620048
12547076923
12547948923
12548792767
12549013361
12552527173
12552833954
12552980329
12553921486
12555678361
12557585579
12558237267
12558362267
12559502892
12562254798
12562388204
12562504392
12563055798
12564851548
12565711017
12568090642
12568314392
12569475142
12569881361
12570227704
12570304642
12570510986
12570710704
12571451236
12572959111
12573674142
12573777236
12574722829
12575340892
12576532611
12578195329
12578370986
12580035892
12580301017
12580498611
12581180079
12581664767
12582666423
12583641361
12584707423
12585706111
12585727579
12586167704
12587507517
12587693361
12588036892
12589382298
12589742954
12590152017
12590402736
12590521923
12590904704
12591696892
12592243423
12592524392
12593092048
12594351267
12595183892
12595444548
12596179079
12596443642
12596626767
12596849892
12597548048
12597796454
12598172142
12599223767
12600049954
12600513173
12600576142
12602120548
12604453423
12605620267
12606073173
12606206486
12606268329
12606697704
12607319673
12607801579
12610621548
12611340298
12611771767
12611964892
12612481704
12613071986
12613809173
12614154173
12614365236
12614658267
12616349923
12616904423
12617554954
12618965704
12619312017
12619547454
12619656517
12619908548
12620467767
12621766548
12623620236
12624722236
12625366298
12625938986
12626171361
12627181548
12627491079
12629636486
12631038298
12632357111
12633538892
12634709142
12635850236
12636898329
12637162298
12637410017
12638490892
12639309704
12639854704
12640232048
12641351704
12641545611
12643836954
12644137861
12644252517
12644796423
12648047861
12648618454
12648684954
12649388111
12649587329
12649785392
12650438767
12650551548
12652125173
12653124892
12655284298
12655565079
12655826423
12656384986
12656868111
12658340548
12658765048
12660184298
12662176236
12662506579
12663848642
12664194923
12664548704
12665033017
12666327829
12667612798
12667827798
12669845329
12671347048
12672070829
12672156142
12672760142
12672905986
12673322048
12673868829
12674353111
12677028829
12678162767
12678456486
12678976486
12679654829
12680295298
12681111454
12681890236
12682552704
12683323861
12683692579
12683785423
12684115861
12684291173
12685366767
12685733423
12686405611
12686608673
12686984548
12688157236
12688804923
12689491704
12690114548
12690132861
12690498736
12691065392
12691930642
12691951861
12692642611
12693215079
12693805423
12694955548
12695492517
12695844236
12696547704
12697159767
12698027486
12698212298
12698709236
12698730204
12700560673
12700755579
12701435611
12702181829
12703563892
12706641142
12707447142
12708692611
12708836423
12709129204
12709338861
12710139642
12711440923
12711597173
12712065517
12712992361
12714451548
12714734017
12714957392
12716304673
12716723704
12717134798
12717920798
12718878361
12719420111
12721858704
12722710329
12724668611
12724818829
12725800986
12726682392
12727077767
12727181861
12728041861
12728740923
12729150829
12730588517
12731715486
12732029111
12732936142
12733629329
12734948736
12735262798
12735966142
12736497267
12736747111
12738141173
12738453079
12739252611
12739343892
12740176486
12741257361
12741926236
12743319767
12743738454
12743828173
12744170361
12745145673
12745883079
12746802173
12746904517
12748496048
12749314454
12750089392
12750465861
12750613111
12751804861
12754495048
12755011486
12755167329
12757081173
12757346579
12757716611
12758016798
12760624111
12760999298
12761932392
12762382548
12763417236
12764292361
12764965736
12765628236
12768669392
12769032798
12769129486
12771048767
12771712142
12776556329
12777253361
12778317298
12778476454
12779337642
12779929361
12780084017
12781696892
12781851642
12782083736
12782400892
12782832517
12784578986
12786460923
12788071486
12789250454
12789681798
12790693079
12791381579
12793265829
12793646736
12794388767
12795695829
12796285454
12797125048
12797988423
12798356548
12798772736
12798817579
12799523798
12799587767
12801047954
12802467767
12803449736
12804289173
12804416111
12806338079
12807057486
12808569767
12809509361
12809797954
12810209704
12810363798
12811498954
12812314392
12812592298
12813223736
12814467673
12814905236
12815690017
12816197642
12818806111
12819033111
12820795267
12820928361
12821678361
12822161423
12822397017
12822890142
12824115923
12824802548
12825059486
12825311079
12825602736
12827364954
12827758923
12829418736
12831807642
12833005329
12833990454
12834253642
12834747329
12835858329
12837040673
12837119017
12838433798
12839430361
12840003579
12840741704
12842088048
12842444736
12842809861
12843524454
12844888954
12846177548
12847062111
12848398142
12848742392
12850034267
12850982892
12851427642
12851711798
12852687611
12853060704
12853489642
12856009704
12857504954
12857732454
12858116142
12858494111
12858772767
12858881954
12861363236
12861921173
12862887361
12863311642
12863626111
12865604142
12866701579
12867486329
12868377798
12868872892
12869436704
12870031548
12870406923
12871106767
12872567423
12874409298
12876763517
12877975704
12878146517
12879277923
12880214017
12881225986
12882625517
12883081048
12883693017
12884301923
12885069829
12886262954
12886701673
12886831579
12888097236
12888818392
12889395923
12890258454
12890500642
12891565298
12893658954
12894612767
12895097048
12896217486
12897130954
12897811736
12897938204
12899414736
12899623017
12899775673
12899922298
12900462173
12901031392
12901488923
12901829798
12902182454
12902309423
12903396611
12903641579
12903828767
12906075204
12906202548
12907246486
12907816173
12908141861
12909532204
12910561829
12911311267
12911551142
12911653111
12913249861
12913998611
12915369267
12916809454
12918171486
12918422548
12918758798
12919269579
12919766798
12919894298
12920284236
12921439267
12921861704
12922434829
12922455579
12922826798
12923400892
12924512329
12924792798
12924825423
12926228954
12926586642
12926848829
12927988892
12928368392
12928470704
12930288017
12930293486
12932157017
12932583423
12933799548
12934597486
12934901423
12935396048
12936605486
12937197486
12937647111
12939274736
12939635142
12940155611
12940933486
12941079798
12941231236
12941344048
12941442829
12943401486
12945954486
12946191861
12946842392
12947498548
12947704204
12949272454
12951150079
12951326204
12953146923
12953752298
12954308361
12954324361
12956483954
12957329454
12957840267
12958251486
12959748861
12959952173
12960965048
12961807579
12961836579
12962017454
12965464829
12966463423
12966805986
12967828454
12971277798
12972016673
12972380704
12973097642
12973861142
12974702798
12976771986
12977139642
12977913579
12978807111
12979256861
12979324361
12980199298
12980202767
12980428486
12981192361
12981648611
12981875236
12984208329
12986131611
12986780548
12986813673
12987695267
12988039579
12988261111
12989039579
12989843423
12990220548
12990566329
12992447579
12993046173
12993250486
12993580173
12994503704
12996741579
12997194048
12997721767
12998439298
12998958267
12999253548
13000142361
13000720142
13000937954
13001161673
13002520423
13002758611
13005648236
13006118611
13007140048
13008053517
13009755361
13010224111
13012407767
13014377454
13014662267
13015211298
13015649986
13015782017
13016310329
13016882954
13017508142
13018338548
13020171267
13020945579
13021124267
13022166111
13022408048
13022919829
13023404767
13024145861
13024960486
13025258079
13025858673
13026534611
13026994986
13027483986
13028379017
13028451423
13028777861
13029779329
13029921236
13032030017
13032646704
13033676517
13033890892
13033960548
13034481829
13034705048
13035596579
13037821486
13038527048
13039957017
13040542642
13041043111
13041194611
13043073829
13044203267
13045946204
13046671923
13047032579
13047090423
13047350767
13048509111
13050349048
13058757673
13058783548
13058927954
13060061923
13060354642
13061072423
13062895986
13063624204
13064299829
13064521548
13066126111
13066356767
13066670642
13069011236
13069219736
13070240986
13071867204
13072082017
13072547579
13072619954
13072684423
13073387486
13074502204
13074854454
13074918892
13075552017
13076287923
13076427704
13076638298
13076761329
13077488548
13077726361
13078506017
13078864204
13079378829
13080517454
13081356954
13081477579
13081993111
13082302392
13082482579
13083138767
13083562704
13084271236
13084704142
13085608829
13086413673
13086735048
13087020798
13087491704
13088368048
13088797361
13089882798
13092247329
13092499079
13092647392
13093021329
13093179673
13093209392
13094237423
13094825236
13094951829
13095912111
13096768798
13097680704
13099541111
13100236111
13101342579
13101390829
13102102111
13103267017
13103409111
13103614329
13104128892
13104402548
13104868579
13104985142
13105107954
13105773298
13106388486
13106701017
13107104611
13107405861
13107892642
13108111454
13109626673
13110690173
13111027392
13112358111
13114055923
13114736142
13115283611
13116454798
13117173454
13117605767
13117825861
13117926736
13118163829
13122910204
13123228673
13124542204
13125068704
13126303579
13126623704
13127168517
13127366329
13128792704
13131006423
13131499923
13132112673
13133928767
13134481923
13134826454
13134943611
13135955017
13136622079
13139110517
13139483454
13139659986
13140192611
13140543267
13140585892
13140950579
13141099923
13142397111
13142870923
13142972923
13143191579
13143883736
13144412767
13144621017
13144823048
13145040392
13146590892
13147571986
13147917048
13148527611
13150686986
13151635298
13151785579
13151848986
13152006829
13152490861
13152896892
13152971829
13154227923
13156076173
13157363173
13158164673
13159119142
13161753236
13161944329
13162479111
13162730361
13163574298
13164432642
13165489111
13165982798
13166643673
13166691267
13167817079
13168352173
13168992548
13171579736
13173757986
13174631204
13174848329
13174903486
13175999173
13177108798
13177219923
13177512548
13177859329
13178039517
13178339517
13178583392
13180222423
13181798767
13182184267
13182982861
13183441048
13183755767
13184344454
13184968298
13185757798
13186586517
13186804954
13188339142
13190020923
13190339204
13193348829
13194982017
13195577236
13196675673
13197605704
13199205673
13201226798
13201689142
13201826517
13202746423
13203137829
13203219517
13204259892
13204957142
13205830704
13207889392
13208384673
13208674517
13208915329
13208936517
13209202673
13209766548
13211645142
13212008267
13212193298
13212362392
13212666454
13213704142
13214036892
13215829236
13216894986
13216984736
13218270579
13219004704
13219436579
13219791361
13220726611
13221362173
13222539767
13224664486
13224791111
13226064767
13226601986
13226869798
13227919517
13228483392
13230279611
13230508736
13231618767
13232785986
13232843267
13233418017
13234118392
13237630548
13238013486
13238834923
13241412861
13241649048
13242700642
13244098454
13245693704
13246243486
13246842392
13247263579
13247935704
13248600579
13249162392
13249449986
13250114111
13251623142
13253553517
13253864267
13253908986
13254244079
13255109642
13258760579
13259429361
13260255798
13260584673
13261080923
13262617548
13263415892
13264296329
13265344017
13266280704
13266830611
13268666423
13270949173
13272085798
13272176736
13273708767
13275309954
13276016736
13276964673
13277354236
13277647236
13277981986
13278316423
13279683079
13280350517
13282115736
13282402392
13282620267
13283646048
13284349611
13284984454
13285367798
13287163361
13288590298
13288914923
13288963642
13289493798
13289804111
13292495923
13292589361
13293476861
13294051704
13294488423
13294705517
13295198923
13296029267
13297214642
13297479486
13297543829
13297763173
13298277923
13298548767
13298643798
13301027986
13303308048
13304184454
13304412048
13305205704
13305970861
13306019204
13306260673
13307655736
13308896361
13309188892
13309479017
13309667142
13311966079
13313183079
13314021986
13314828267
13315486923
13316718579
13317568392
13317936986
13319915642
13320658079
13321136798
13321231173
13321620954
13321778017
13322320986
13323429829
13323590642
13324402236
13324770361
13325756423
13325942142
13326554829
13326784986
13327405454
13327859548
13328051642
13329679892
13330275986
13330574361
13330798486
13331083079
13331862204
13332247142
13333212173
13333357548
13336084954
13336743829
13338518611
13338793079
13340405704
13341195642
13341637079
13342429017
13343182079
13343729736
13344129486
13345178861
13345368767
13345654986
13345960329
13346712236
13347022329
13348478142
13348705704
13348848173
13349146673
13349515642
13350499017
13350703548
13351419079
13353413829
13353614111
13354874267
13355162329
13357160579
13357501892
13358367861
13359431861
13359914111
13361659798
13362284111
13363196892
13363686017
13364534204
13366418579
13366860142
13368634298
13369415079
13370251111
