3381833859
3382283327
3382404577
3382473671
3385002984
3385084421
3385211140
3385324827
3385577734
3387032952
3387861234
3388013515
3388128734
3388879702
3389441171
3389790202
3390055890
3390135109
3390554202
3391330046
3391694827
3391897921
3392234827
3392570827
3393113202
3393329359
3393452202
3393721984
3393999765
3394375202
3394522202
3394641765
3394750140
3394896890
3394966296
3395098546
3395209452
3395454640
3395520765
3395652671
3397343015
3397679984
3397784827
3397978952
3398113171
3398311265
3398417890
3398579921
3398925859
3399046421
3399150702
3399235890
3399465890
3399562484
3399643046
3400194734
3400237859
3400548484
3400780984
3400941859
3401101515
3402239609
3402792484
3402916671
3405580546
3405800015
3405954171
3406031452
3406125827
3406232327
3406286671
3406390890
3406612015
3406695421
3406778140
3406839859
3406942109
3407033265
3407114109
3407511984
3407612140
3408023296
3408131484
3409640640
3410456921
3410654827
3410782827
3410897609
3411036515
3411162640
3411392421
3411514234
3411632984
3412104140
3413683984
3413929234
3414032296
3414660546
3415240952
3415597234
3416174827
3416795984
3417312265
3418311890
3418432796
3418906109
3422690421
3422791015
3422949577
3423804671
3423998109
3426027702
3426207077
3427002265
3428155296
3434480577
3435049265
3439210109
3439475421
3439689202
3439803109
3439897671
3440521921
3440618671
3444470202
3444724140
3446581265
3447072640
3447080484
3447339452
3447918140
3450953046
3451175484
3451402171
3452035421
3452308296
3452592702
3453001796
3453116171
3454474765
3455806015
3456184671
3456289421
3456483827
3456578796
3456620546
3456717952
3456768890
3456891015
3457054234
3460037577
3461338327
3461590609
3461718265
3461770421
3461917890
3462156890
3464106546
3464332046
3468219859
3468556359
3471579702
3472263734
3473332015
3475475171
3480508609
3480950327
3481175984
3481344577
3484127484
3484670952
3486837327
3495551640
3495689577
3498583484
3504233202
3505761859
3506365140
3507088859
3507476515
3507576202
3507737171
3507907765
3508139984
3510571359
3510881640
3511131202
3511890140
3512131546
3512333796
3513268109
3513427921
3513543640
3513674484
3513807734
3513966046
3514577046
3515328077
3515436577
3515517734
3515641671
3515743671
3515799609
3517110577
3517853077
3518133796
3519492890
3519584296
3519708796
3520463546
3520851202
3523999515
3524169015
3524263546
3524396952
3524586140
3524606234
3524975421
3525124546
3525334890
3527654765
3527713077
3528020390
3528143671
3528376859
3529504171
3531072890
3531740546
3531994359
3532112890
3533357109
3533611015
3533885077
3535295296
3535400702
3535960859
3538093202
3538254921
3538647515
3540301046
3540314921
3540559734
3540677984
3540779296
3540883421
3541426046
3541505671
3541663765
3542205109
3542905484
3543166859
3543302702
3543438296
3543668046
3543808452
3544030734
3544093890
3544323921
3544844421
3544984577
3545142984
3545359234
3545633109
3550902077
3551140484
3551435640
3552451796
3552690234
3555344359
3555872921
3556161515
3556367796
3556782077
3557041140
3557138859
3557284109
3557513952
3557671171
3557824171
3558442077
3558547640
3559471484
3559561577
3559771577
3559997452
3560146296
3560376515
3560595671
3561181921
3561339234
3561479702
3561694452
3561828015
3561964327
3562068484
3562364077
3562683890
3562993015
3563041859
3563175202
3563301109
3563558359
3563653671
3564256827
3565933265
3566189484
3566717921
3566870515
3566975765
3567053577
3567361702
3567794452
3568216765
3568521515
3568625452
3569079671
3569190702
3569512234
3570049640
3570193609
3570724921
3573935484
3574083546
3574311859
3575756484
3577157202
3577393484
3579990890
3579991796
3580449765
3581225202
3581804827
3586065265
3594427390
3594809890
3596366421
3596724265
3598310421
3598374046
3599451577
3599890859
3600043171
3600095734
3604529327
3605733452
3606149452
3620470390
3621387671
3621639452
3621823015
3622223890
3622376952
3622479984
3622676859
3622839546
3622922702
3623138452
3623414265
3623560546
3623798296
3623879140
3624015765
3624207484
3625923921
3629758265
3631551234
3631776265
3633403484
3634277765
3634867734
3635006202
3635107421
3636111546
3637611390
3638994046
3641792952
3644658827
3646512984
3646712140
3647120046
3647559296
3648616234
3648775484
3648852265
3648914296
3649006890
3649197640
3649351796
3651331640
3652785015
3652879827
3653029327
3653081827
3653386609
3653547421
3653627671
3655394640
3655575859
3655758890
3655911421
3656042046
3656082296
3656174296
3656381046
3656507890
3656611171
3657136390
3658749796
3659474827
3659593952
3659671702
3660422421
3661421015
3661601421
3661709890
3663372390
3665556140
3666063921
3666222015
3666321234
3667139484
3667272046
3667685734
3668265702
3678415202
3679162765
3679291515
3679548827
3683943827
3697162046
3697724359
3698604515
3699186921
3699331734
3699513171
3700831890
3701203515
3701472390
3705096202
3705494734
3709441609
3709789452
3709975609
3710045359
3710234077
3710574827
3711318484
3712832702
3714075984
3714546234
3714737890
3714902890
3714925765
3715510140
3716268171
3716365921
3716555671
3716919327
3717737890
3719605890
3720569921
3721226765
3721684140
3722302734
3722858202
3722991390
3723524734
3723651234
3723758796
3724046327
3724075765
3724106609
3730133140
3730181015
3730263202
3730444765
3730493827
3730676390
3730939140
3731509171
3731679296
3733135202
3733823734
3733995327
3734077265
3734164984
3735634202
3735982984
3736176515
3736513609
3738742609
3738955921
3739142515
3739592171
3739866796
3740003140
3740216202
3740347671
3740580171
3741107765
3741943952
3742164234
3742224640
3742614046
3742763577
3743100827
3743280390
3743432859
3743587796
3744175327
3744263046
3744275984
3744508171
3744777609
3745129484
3745421390
3745856577
3746022359
3746050484
3746257921
3746362390
3746468171
3746591640
3746813921
3746970046
3747150359
3747285202
3747339390
3747417296
3747544984
3747671671
3747722952
3747810140
3748094484
3748176577
3748370046
3748843327
3750064640
3750359827
3750408984
3751220609
3752345140
3752418921
3752531859
3752755171
3752954640
3755500921
3755604359
3755693234
3755763609
3755837390
3755953515
3756216077
3756362234
3756442077
3756512921
3757052921
3757224609
3757332796
3757338515
3757740984
3761178202
3762464671
3762695640
3764094890
3764926952
3765415765
3765731765
3766025296
3766213015
3767552077
3767644671
3767819327
3768200015
3769305921
3770072890
3779297359
3779512577
3780109546
3780172671
3786703765
3787143702
3787394984
3787486796
3787744484
3787838952
3788080702
3788374265
3788550171
3788586984
3788683234
3789803109
3789921046
3789982171
3790150609
3790215827
3790292296
3790585921
3790945640
3791348859
3791487109
3791619734
3791668046
3791780734
3792088046
3793068546
3794339327
3794500234
3795596109
3797293796
3797377234
3798925421
3802038390
3802175890
3802395577
3802590702
3802667015
3802837984
3802888171
3802989327
3803019952
3803179359
3803495484
3803821546
3804574640
3806389827
3806531265
3806563202
3806700202
3806803171
3807524171
3807867859
3807983327
3808022265
3808169890
3808247515
3808326140
3808371796
3808594952
3808693890
3808785109
3808918234
3808979265
3809248015
3809373421
3810388015
3810399702
3810438921
3810448671
3810970577
3810999390
3811401827
3811466234
3811648984
3812084827
3812235296
3812464046
3812823171
3813430046
3813504359
3814361109
3814398140
3814470827
3814954827
3815011484
3815193671
3815211952
3816352921
3816604796
3816905202
3817171765
3817219671
3817868546
3818231390
3819839765
3820070171
3820117015
3820496984
3820552015
3821270296
3821413109
3822118327
3822245984
3822459796
3822764515
3823208734
3824091546
3824199546
3824494984
3824744296
3824909702
3825036234
3825153921
3825164484
3825382109
3825513952
3825958140
3826030671
3826189296
3826287171
3826431921
3826558609
3826656359
3826693046
3826831515
3827814921
3828099077
3828252702
3828517734
3828632452
3828927546
3829179515
3829296452
3829898515
3830161702
3830491109
3830885046
3830993202
3831261265
3831372546
3831478984
3831607577
3831652265
3831748796
3831859890
3831986952
3832021296
3832243140
3832284921
3832344796
3832403202
3832452109
3832558827
3832682390
3832721952
3832936827
3832971234
3833227140
3833464202
3833682796
3833757046
3833848577
3834024202
3834152609
3834430015
3834681796
3834804359
3834982015
3835110421
3835225296
3835372546
3835461734
3835574609
3835722890
3835863577
3836024546
3836190421
3836313640
3836429734
3836597890
3836727890
3836737921
3836876859
3836983202
3837250827
3837680171
3837705484
3837715327
3837975671
3838283015
3839583359
3840012765
3840280515
3840383390
3840553765
3840634827
3840747984
3840901671
3841008921
3841159515
3841220515
3841410109
3841458859
3842105859
3842188671
3842438577
3842678140
3842962140
3843065671
3843127484
3843220171
3844149577
3844605765
3844964546
3844971046
3845175796
3845336921
3845561765
3845723359
3847561609
3848465952
3848645546
3848795640
3849094796
3849210327
3849512515
3849667015
3850522515
3850724390
3850891734
3851152202
3851161421
3851715515
3852666859
3852721046
3853490046
3853592671
3853962734
3854071546
3854223515
3854396765
3854501796
3854545952
3854740702
3854966390
3855008046
3856418265
3856509327
3856602890
3856686015
3856698359
3856763327
3856891390
3857115859
3857219796
3857252265
3857262859
3857322359
3857498515
3857745015
3858356859
3858574202
3858749327
3859423859
3859668077
3859875984
3859980484
3859998515
3860129015
3860258265
3860304296
3860511702
3860637577
3860769140
3860796452
3861564077
3861627890
3861825015
3861968171
3862012952
3862054265
3862208484
3862301640
3862509609
3863565046
3863942015
3864029827
3864185765
3864273859
3864561859
3864691890
3864815765
3864910796
3865148765
3867577015
3868137640
3868371484
3869247171
3869621421
3870372577
3870503702
3870518077
3870823952
3871496015
3872887265
3873032984
3873710734
3875848015
3876117921
3876596327
3876781734
3876923359
3879335890
3879411484
3879438765
3879479015
3879604171
3879964015
3880275109
3880466390
3880937765
3881225984
3881267984
3881497077
3881612046
3881720890
3881830327
3881984390
3882071577
3882094109
3882214546
3882693765
3882862671
3883066359
3883293952
3883404702
3883567984
3883624359
3883681265
3883804921
3883845640
3883923609
3883981140
3884002734
3884120140
3884144952
3884264546
3884519921
3884532484
3884929640
3885600390
3885852202
3886692640
3886826921
3887146640
3887725359
3887886796
3887942702
3888116359
3888308640
3888392015
3888610140
3888762984
3888871077
3889006546
3889105359
3889168077
3889414202
3889666952
3889991327
3890181109
3890681109
3891022484
3891126827
3891644265
3891725390
3892684859
3892777109
3892806796
3892893890
3893021265
3894161984
3895755202
3895876671
3896173202
3896452765
3897364452
3897773296
3898131046
3898275390
3898415296
3898663702
3899044984
3899202015
3899508765
3899764421
3899994796
3900031921
3900142109
3900439077
3900718577
3901063015
3901084671
3901132140
3901378015
3901516984
3901684796
3901771827
3901852109
3901934484
3902075609
3902644077
3902799202
3902956390
3903854359
3904063765
3904240046
3904492202
3904588202
3904723171
3904831015
3904977109
3905099421
3905249390
3905359452
3905492859
3905634702
3905782546
3905896890
3906065734
3906167609
3906775452
3906896484
3906994171
3907655859
3908026202
3910855359
3911047015
3911059140
3911068640
3911354015
3911778515
3912051609
3912745296
3913094046
3913162390
3913318109
3913357952
3914293077
3914308796
3914533640
3914729952
3915177609
3915399390
3915778609
3916301890
3916527890
3916631859
3917120015
3917249702
3917377452
3918429171
3918527421
3918644984
3918803421
3918989109
3919605171
3920365765
3921216577
3921323202
3921599765
3921627984
3921955171
3922388046
3922758140
3923335702
3925019046
3925119484
3925500140
3925546827
3925778077
3925861484
3926260140
3926526609
3926696202
3929565577
3929885796
3930967421
3931208609
3931246734
3931304452
3931403734
3931550546
3931588796
3931668921
3931800796
3931903077
3931994827
3932132390
3932251077
3934317671
3934878827
3934981484
3935430546
3935744890
3936019265
3936266109
3936709265
3937422796
3937537202
3937641984
3937731327
3938926796
3940432359
3941294952
3941891765
3942231234
3942359015
3942476202
3942760765
3943363390
3943496077
3943599921
3944217609
3944538390
3944561421
3944621109
3944717890
3945014734
3945079421
3945167484
3945457484
3947285546
3947885546
3948096859
3948263296
3948371171
3948523827
3949465921
3949637484
3950148515
3950939234
3951056859
3951165640
3951515765
3951920952
3952159734
3952248890
3952321671
3952757890
3953181640
3953429327
3956601734
3957209609
3957443515
3957780327
3958120390
3958895952
3960970015
3961660609
3961861421
3962042452
3962248952
3963583015
3967900015
3968028890
3968129984
3968325577
3968533452
3969007109
3969127577
3970125327
3970338452
3970574765
3971980327
3973868296
3975956234
3976388484
3977357921
3985591984
3985981765
3990127984
3990515452
3991330671
3992949327
3992973327
3995500109
3995903234
3996077515
3996359921
3996870077
3998183171
4001492484
4001761702
4002914484
4003142452
4003519421
4005435640
4014790452
4015207077
4015440140
4015626109
4015949921
4016083984
4016318734
4016503640
4016616859
4016974109
4018303046
4018438452
4024151015
4025500140
4027092046
4028328171
4028674984
4041756171
4042400421
4043314296
4043726140
4066561702
4066750546
4067131546
4075461671
4077159890
4077263452
4077418327
4077636359
4077891577
4078319327
4078784671
4079182890
4080358421
4081669984
4083563077
4084106421
4084225827
4086545546
4090038171
4091148421
4091409702
4092296984
4093111140
4093718640
4094116421
4094506109
4095797140
4096447859
4096562640
4097223296
4097456359
4097677077
4099444140
4099528359
4106113734
4106221859
4106321234
4107046452
4107115452
4107282015
4108568577
4109045984
4109359890
4109574265
4109663702
4109753046
4109861515
4110022484
4110108202
4110513015
4113119327
4113341859
4114445827
4114552890
4114672234
4118471296
4118733234
4119788077
4119848546
4120003202
4121092671
4122277671
4122472359
4122616765
4122770671
4123248077
4123330546
4123572765
4123714890
4124626171
4124909234
4125445577
4125490765
4126027827
4126457265
4126813109
4126899171
4126998952
4127080484
4127548327
4127722890
4128080359
4128156421
4128275484
4128385546
4128470640
4128615390
4128695796
4128852140
4129012015
4129072984
4129240296
4129357796
4129787202
4130093390
4130192859
4130302796
4130452140
4130986421
4131324546
4131579640
4131681640
4131819109
4132030296
4133827265
4134282390
4134394921
4134658359
4134745577
4134880984
4135125265
4135363015
4135470359
4135509734
4135670452
4136125734
4136200140
4136288515
4137369265
4137466577
4137588515
4137781265
4137974609
4138259609
4138347734
4138428046
4138551015
4138695421
4138944171
4139969796
4140763765
4140927327
4141290890
4141424702
4141456796
4141513640
4141578390
4141629827
4141671765
4141737202
4141770140
4142121734
4142193984
4142309171
4142391890
4143155421
4143470921
4143531546
4143678296
4143844390
4143966234
4144168202
4144331609
4144673515
4146027702
4148842952
4150852890
4151017796
4152751140
4153739077
4154017265
4154735671
4156540702
4156625827
4157365609
4157746171
4158035202
4158427827
4158771952
4158883077
4159098421
4160284702
4163329234
4166059952
4166498452
4166604265
4166913015
4167895327
4168939921
4170986515
4171993952
4172309984
4173692984
4173844077
4173972390
4174340546
4174553421
4174793952
4174918390
4175046702
4175274921
4175384452
4175509859
4175642702
4175910671
4176019671
4176147702
4176288734
4176415952
4176771171
4177146546
4177283702
4177584109
4177763734
4177989640
4178124234
4178147171
4178239077
4178263327
4178366077
4178495296
4178622702
4178695296
4178728296
4178983859
4179162640
4179266765
4180524827
4181023484
4184646421
4184878359
4187427952
4187605859
4187844109
4187936609
4190251015
4190761046
4190873640
4192554952
4193681046
4193790265
4195132484
4195206452
4196037702
4197020640
4197728265
4197957421
4198401046
4198416109
4199572984
4199952640
4200436390
4200504327
4200567202
4200866015
4201090327
4201237296
4201442390
4201573171
4202202921
4202745202
4202799859
4204099827
4206944640
4207067734
4207115859
4207591765
4207883546
4208702046
4209324765
4209344577
4209759640
4210022734
4211800359
4213154984
4213227046
4213840640
4213946984
4214068640
4215062171
4215317452
4216374452
4216456952
4216771765
4217193265
4217750609
4217824265
4223924265
4226794921
4227090265
4227302202
4227382234
4227481515
4227592265
4227735109
4228285484
4228573202
4228741452
4229109327
4229282765
4229441640
4230040702
4231308546
4231928796
4232245077
4234681859
4234842265
4236953327
4237132109
4242339765
4243115484
4243218827
4243406140
4243433984
4243500671
4243511390
4244027515
4244184109
4244361577
4244372015
4244689171
4244796921
4245614015
4246005796
4246094859
4246109671
4246233359
4246483952
4246666109
4246701109
4246971077
4247433546
4247645515
4247891265
4248063202
4248075359
4248329171
4248436452
4248450327
4248761327
4248852640
4249010015
4249238171
4249360484
4249541359
4250002421
4250165327
4250402359
4250514671
4250642202
4252090546
4252219265
4252581265
4253523640
4253668234
4254093390
4254679296
4255089702
4255362515
4255379452
4255720046
4255832327
4255897734
4256358609
4256573827
4257145734
4257673609
4258168577
4258214765
4258585827
4259271140
4259459202
4259532296
4259558077
4259877077
4260011921
4260137515
4260358765
4260880671
4261141296
4261733702
4263556796
4265016984
4265640859
4265744202
4265834484
4266349515
4266637109
4267746234
4268185671
4268404421
4268576765
4269193640
4269431671
4269450827
4270218984
4270399171
4270854202
4270984921
4271348046
4271504202
4271512265
4273892796
4273962202
4274226327
4275041265
4275238671
4275863046
4278335421
4279375640
4279577234
4279633515
4280506327
4281729015
4282036859
4283448734
4283634390
4284392796
4284413702
4285820015
4286320202
4286489577
4286750452
4286829484
4286860984
4287115390
4289098671
4289297202
4289423421
4289838077
4290162827
4290254484
4291263452
4291534796
4291691796
4291806202
4292546577
4294056484
4294106046
4294300796
4294571796
4294866984
4296746609
4297937859
4300260484
4300462890
4304745296
4304874296
4304952702
4305113546
4307352296
4307427452
4310162796
4310168671
4310644484
4310703390
4311047984
4312055984
4312278171
4312422202
4316108140
4316324546
4316467890
4316537515
4316642171
4318472046
4320081921
4320104515
4320138296
4324892577
4326596202
4326721046
4326960609
4326988609
4329014452
4329347984
4329429109
4329506265
4329625577
4329700390
4329748609
4329804702
4330745984
4331169859
4331294890
4331869827
4332763952
4333035640
4333250452
4334830452
4335841077
4335930577
4335957327
4337064577
4337176546
4337358702
4337451452
4339523546
4339673952
4347614546
4348058452
4348305702
4349528171
4350044265
4350049765
4350192640
4350874546
4351350952
4352030859
4352634046
4353044327
4353323484
4354637984
4356098421
4356111671
4356372327
4357772515
4357884109
4357959327
4358316452
4358567015
4359064452
4359207327
4359548140
4359659421
4359733577
4359830359
4359850796
4359945046
4361198796
4361376952
4361491202
4363234827
4363338109
4363397046
4363444765
4363570234
4365841171
4366329484
4366545984
4366889515
4366947265
4367017171
4367142859
4367380765
4367487484
4367501734
4367516171
4367824421
4367914702
4368063046
4368357046
4368809015
4369132827
4370996952
4371593046
4372265421
4372440484
4372453046
4374199577
4374309890
4375180390
4375249109
4375657952
4376025327
4380552015
4381353046
4383277984
4385157046
4385265015
4385276577
4385523484
4385571171
4385738234
4386227952
4387042640
4387814484
4387982952
4388129952
4388151515
4389126827
4389792609
4389972734
4390126390
4392456327
4393040109
4393115671
4393299765
4393725734
4393796265
4394084921
4394145452
4394195796
4394459234
4395489077
4395776702
4396008015
4396640359
4397408046
4397590202
4397721671
4397854984
4398196921
4400544796
4400978921
4402523265
4403478046
4403783546
4405158296
4406563984
4406574921
4406763984
4407090171
4513580171
4515961296
4530275671
4537967421
4538092609
4539222109
4539717827
4551642952
4551777984
4556076546
4567340671
4567568327
4568112859
4568567734
4569080077
4569319265
4569397546
4569513921
4572031671
4577293140
4590471265
4590698390
4590982077
4591095827
4591642296
4605788921
4623698921
4623780171
4623950046
4626339671
4626870921
4627133077
4637024359
4637662484
4641331327
4642252140
4642424109
4643009234
4643118796
4643624109
4643936921
4644033890
4644190171
4644655577
4644748640
4645328765
4646232077
4646542140
4646626452
4647909296
4649301827
4649363015
4650946077
4651201265
4659151202
4659680765
4659821671
4678374234
4678749671
4679305952
4681567609
4681616265
4683110702
4684011609
4684699765
4684760452
4696004702
4696150515
4696226515
4696319671
4696396609
4696580640
4696610952
4696665609
4696854327
4697023640
4698119921
4698942765
4699072265
4699200359
4699283671
4699388765
4699463796
4699480077
4699688609
4706093390
4706773359
4707047765
4707202577
4707334202
4707834452
4707986515
4712771390
4718934734
4719211859
4722132859
4722277702
4728078109
4728979609
4730137640
4730786327
4744111359
4744256577
4744401390
4747866734
4748765515
4761552827
4762855327
4766633952
4771840921
4774154640
4774356327
4774551265
4774691609
4779683671
4780476734
4805273577
4817530890
4817942265
4818789515
4819243109
4819481515
4820239452
4820883140
4820987984
4821056140
4821161171
4821245015
4821314702
4821465671
4821541015
4821843577
4821980202
4822167921
4822298109
4822403327
4822505702
4822587546
4822684671
4823810859
4824019296
4824176921
4824267796
4824774077
4825265546
4825530421
4826458609
4846426421
4846570640
4848615515
4849253484
4849377359
4849649734
4850042984
4852041577
4852495046
4858542359
4884904952
4899513171
4900274265
4900514952
4900583109
4900622015
4900863015
4901263421
4901362702
4903196890
4903708890
4904274109
4904687171
4904870202
4905004077
4905129421
4905807702
4907128827
4907213702
4907324265
4907389640
4907552234
4907627577
4909355859
4909988265
4910035390
4910180859
4910306171
4910467515
4910566577
4910684577
4913143796
4913301265
4913642734
4913924296
4914150546
4914593827
4914701296
4915140171
4915297265
4915454515
4916492234
4922752702
4928870046
4929574827
4932153734
4932343140
4932410202
4932524109
4932636015
4933056484
4933360734
4933803765
4940365827
4941337109
4946642171
4946750327
4947122796
4948160702
4948374452
4948455671
4948565202
4948839140
4949083984
4949331327
4950515890
4950617734
4951052234
4951252890
4951635577
4951767671
4974899765
4978461546
4979225109
4984138015
4989935921
4991179202
4993475452
4994036796
4994366171
4994455640
4994533046
4994896046
4994961327
4995024421
4996018359
4996719202
4996878921
4997445421
4997615327
5015171671
5015326015
5015491421
5015811702
5015867827
5015989296
5016114609
5016226390
5016343359
5016493234
5016561984
5016637859
5016777671
5016854327
5016920827
5017086609
5017327202
5017434077
5017603296
5017725359
5018125890
5018295702
5018590077
5018704296
5018946265
5019129077
5019300827
5019613640
5020224140
5020502765
5020645390
5020868171
5020967859
5021303171
5021528265
5021598202
5021701421
5021782296
5021854952
5022043109
5022111202
5022176077
5022276546
5022402890
5022485640
5022574140
5022686077
5022764984
5022892671
5022989765
5023038171
5023120327
5023209859
5023305827
5023421546
5023489702
5023686577
5023851296
5024253171
5024538702
5024772359
5024834827
5024911109
5024977046
5025121421
5025211671
5025301046
5025384046
5025519546
5025938077
5026513577
5026641077
5026756827
5027003734
5027251765
5027379765
5027420609
5027547327
5034443765
5034873515
5034926577
5037061359
5048148546
5051733671
5052348984
5054621640
5055129077
5056048421
5056283421
5056544515
5056637202
5057031734
5057235796
5057441671
5057551546
5057703046
5057767890
5057930515
5068781890
5071391202
5072648234
5072725952
5076405484
5077485327
5077796484
5080644202
5080718952
5080813077
5080972202
5095637234
5095861327
5095975765
5096496171
5096750171
5097027296
5109014015
5110083202
5112273796
5113188890
5131379515
5132082515
5132331327
5132700577
5134116452
5134329046
5136385984
5138144109
5140303671
5152463734
5152957046
5153092390
5153279827
5153400046
5153589546
5154933109
5155467515
5155679046
5155848015
5156126984
5156246046
5156416609
5156549984
5156596390
5156668609
5156837109
5156944577
5157038796
5157394234
5157434984
5161172515
5161363859
5163165984
5163456515
5163651640
5164454015
5164621077
5164940827
5165158296
5165297577
5165522890
5165626640
5165874890
5166205327
5166245921
5166359202
5166433452
5171108640
5172013327
5173154171
5173791796
5201838359
5207343296
5207812921
5209659452
5210876890
5211338359
5212299609
5220520234
5224092234
5224168671
5225488984
5225578796
5226055077
5255674140
5256340265
5257006765
5262995327
5263604577
5263765577
5263881140
5263925452
5264048765
5264216390
5264641921
5265241265
5265447515
5265502609
5265701327
5265847046
5265932234
5266010077
5266111609
5266206796
5266281890
5271586609
5271687046
5271807952
5271924015
5271988202
5272064609
5272110671
5272160640
5272197265
5272241234
5272271484
5272374265
5272481390
5272915765
5273004765
5273115609
5273179046
5274303202
5274369921
5274853640
5275278171
5275920296
5276003765
5276121546
5276229202
5276302890
5276345890
5276409109
5276501077
5276541515
5276654671
5276754702
5276869671
5276890577
5276974421
5277170734
5277378671
5277500671
5279021140
5279149796
5279230140
5279380609
5279448952
5279774702
5279845984
5280221484
5280362109
5280522796
5281001171
5284074609
5284204546
5284378577
5286563827
5286896546
5287043609
5287140859
5287244265
5287466421
5287590577
5287660609
5287780921
5288256577
5288353984
5288477734
5288575921
5289229515
5291164484
5305698515
5305849109
5306020296
5306113765
5307218827
5307285359
5307410296
5307521421
5307621265
5307840984
5310536577
5313415702
5313818702
5313888952
5314793265
5315080390
5329730390
5330086327
5330217671
5330336577
5330730265
5331019452
5331383609
5331923952
5332080702
5332304452
5332594984
5332748859
5334947671
5335003765
5335072577
5335090359
5335242734
5335757609
5336368234
5336655140
5337165202
5337406609
5337889296
5338664015
5342842952
5342904452
5343475265
5343649671
5343759421
5343875671
5343986046
5345465140
5345836827
5345956890
5346068234
5346184734
5346352109
5346383327
5346539827
5346589202
5346646859
5346814671
5346857671
5346953890
5347235577
5347313421
5347728296
5347794390
5348132359
5350928577
5351361202
5351576140
5352624109
5352752077
5352829984
5352934234
5353002421
5353216015
5353439359
5353517671
5353790234
5353856265
5353988515
5354186546
5354810202
5354901390
5354970952
5356353984
5356861140
5356957734
5358133515
5358239577
5359257734
5359443734
5360921577
5361007796
5361540702
5361590171
5361737671
5368376015
5368701952
5368884515
5369004984
5369063109
5369143327
5369314265
5369594359
5370692702
5372927046
5381300265
5393778296
5394983234
5395101202
5395150765
5395240546
5395688890
5395981702
5396099484
5396336734
5396564265
5396725359
5396781234
5396998796
5397556796
5397678984
5399496452
5399619577
5399765609
5399890140
5400232827
5400296890
5400361765
5400464171
5400607577
5400682296
5400813765
5400844296
5401007921
5401119796
5401249327
5401375577
5401626827
5401709234
5401782984
5401847609
5402250234
5402897671
5403178390
5403339202
5403481390
5403616046
5404355890
5404978202
5406654796
5407785577
5408703109
5408808640
5410005359
5410158296
5410916421
5411193234
5411487265
5411704765
5414231265
5416396952
5416428171
5416687952
5420278984
5421520546
5421886015
5422190109
5422744296
5423083234
5423321827
5423587734
5423705421
5423861015
5424162202
5424833921
5425183452
5425362952
5425598609
5425742796
5426568546
5427153296
5427885296
5428925359
5429103765
5429374984
5453706015
5454409046
5454894077
5455372640
5455536296
5455674952
5456379109
5456514359
5457449702
5461920421
5471032671
5495070952
5495303452
5495424952
5495637515
5495888796
5495935015
5496152515
5496255546
5496936546
5497200202
5497477765
5497598827
5497679765
5497808546
5497843890
5498084640
5498155140
5498217640
5498283859
5498391515
5498498671
5498566515
5498937827
5499107890
5499479765
5499524171
5499544484
5499575484
5499609109
5499654546
5499690765
5499750015
5499802984
5499983671
5500123202
5500465015
5500515359
5500625296
5500773452
5504943609
5505024702
5505269077
5505408359
5506042421
5506259577
5506592827
5507998952
5509470015
5509611359
5510128515
5510725234
5510877046
5510955015
5511085546
5512351859
5513051765
5513528484
5516852796
5517202859
5517348515
5517557202
5517805109
5518037859
5518959921
5520228796
5520273234
5520964952
5521430046
5521661952
5523406640
5528469702
5528913171
5529412359
5529556827
5533065140
5533214046
5533291640
5534019609
5535928671
5538199015
5538441859
5538751296
5538850984
5539911609
5540002827
5540149359
5540210890
5540315359
5540473327
5540727296
5541728890
5541826890
5542010359
5542156609
5542240077
5542293202
5543420890
5543678265
5543768077
5543882515
5544100202
5544243796
5548550265
5552193765
5552397296
5552619202
5552704921
5553081202
5553133609
5553271734
5553364077
5553415484
5553619171
5553667452
5553817671
5553946827
5554133484
5554300296
5554709734
5554849796
5559621702
5559726265
5560222796
5560295859
5560523390
5560798452
5561107734
5561466671
5561578859
5563662390
5564516640
5564762515
5565379546
5565569234
5565742421
5565850546
5577185765
5577281327
5577586171
5585973484
5586101796
5586314296
5586774421
5587983327
5588098921
5588217077
5595516327
5595663702
5595762984
5595889390
5596039265
5596324515
5597461952
5599098734
5599435702
5599570515
5599918234
5600026390
5600171234
5600951952
5601247671
5601366796
5601766327
5603106609
5603198109
5603301109
5603360952
5603454234
5603563952
5603705327
5604553109
5604844827
5604957359
5605177046
5605605796
5605958702
5606156046
5606319984
5606395609
5610492202
5610680765
5610833015
5610942359
5611028765
5611103390
5611365171
5612643859
5612737671
5614114265
5617972827
5618305702
5619526515
5619807952
5619899421
5620058484
5620271359
5620584452
5622006171
5622125765
5622954640
5623055796
5627009765
5627949671
5628298546
5628497765
5629660515
5629976140
5630391546
5637890265
5638631702
5638913046
5639280734
5639919859
5639994640
5640099640
5640253234
5640357140
5640561765
5640672015
5640896702
5640984765
5641296890
5642173890
5645972702
5675879015
5676654640
5676765296
5676847109
5676981890
5677138609
5677376015
5677448702
5678647171
5678699671
5678788609
5678878859
5679051015
5679538765
5679815577
5679896327
5680024484
5680367171
5680792671
5680856859
5680940796
5681035265
5681232234
5685486921
5685517296
5685616765
5686202609
5691378421
5691616577
5691688046
5691876827
5692374327
5693612327
5694107921
5694342265
5694398202
5694745077
5696484734
5697212046
5697311202
5701450359
5701835765
5702022390
5702114202
5702198546
5702362577
5702510952
5702708452
5708355452
5708708015
5711049796
5711706015
5712501452
5712713734
5712871046
5713941484
5714770640
5715636890
5716072952
5717503796
5717853296
5717918015
5718005015
5718077234
5718207609
5718359515
5718591015
5718659577
5719284671
5719402702
5719472265
5719625109
5719753984
5720095171
5720213702
5720299827
5720401734
5720531452
5720647952
5720802702
5720924077
5721155577
5721326890
5721788046
5723352046
5723974484
5724474921
5725043327
5725204421
5725620452
5726366077
5726641046
5726846296
5728500577
5728987265
5729160077
5729218140
5729335421
5729873015
5730126140
5744225077
5744327484
5744483609
5745256452
5755859077
5756370390
5756496671
5757804984
5761419265
5793652390
5794134827
5794224452
5795403671
5795673296
5796096202
5796901765
5797349640
5808362046
5809245546
5809691265
5811146890
5812791952
5813319171
5814461390
5816940077
5817356421
5823716515
5823781609
5826388921
5826622265
5827538577
5828016484
5828340640
5828419890
5831477327
5831629140
5832737765
5832847390
5832958109
5833097984
5833479171
5834842515
5835940734
5836017984
5836357296
5836898609
5838507952
5838681265
5838768296
5839270734
5839563359
5840063390
5840314359
5840568015
5841503234
5841591515
5841684327
5841847234
5842060984
5842307452
5842507390
5844086171
5847062390
5847190234
5847424265
5847705296
5848260296
5848390765
5848533827
5848594515
5848706171
5848855171
5850043140
5868553859
5869045734
5869150296
5869189859
5869566484
5869672952
5869777452
5869926640
5870084265
5870292109
5870383515
5870450765
5870489327
5870686702
5870744265
5871021296
5871108202
5871187015
5871325327
5872096171
5872694015
5872872577
5872938859
5875693296
5875849515
5876808015
5877549952
5877650640
5877723734
5878804265
5879907202
5880240765
5880449109
5880562421
5880640359
5880723234
5880795921
5880961890
5881210609
5881362921
5882029140
5882082140
5882379921
5882805171
5883306702
5883682515
5884502171
5884526015
5884633984
5884724452
5884820640
5884864577
5884960484
5885118390
5885153827
5885220296
5885269796
5885387296
5885553077
5885807796
5886192827
5886309577
5886351140
5886408515
5886890984
5887035484
5887186171
5887396109
5887588452
5887670609
5887741421
5887850046
5887894265
5888520515
5889010515
5889407359
5889717702
5891121890
5903890827
5904227202
5908345484
5908467546
5908518452
5908580202
5908860171
5908927046
5909196265
5909320702
5909384890
5909531015
5918308515
5933478546
5933841515
5934145609
5940841234
5941159140
5941598234
5942113984
5948371546
5948510796
5948597171
5948766921
5948870515
5949285577
5949438515
5949503577
5949586077
5950072796
5950810452
5951029796
5951696577
5953612546
5953789577
5954154702
5954294671
5958616765
5958696952
5959238109
5959310640
5959403702
5959482890
5959574921
5961635390
5970308515
5978105546
5980304484
5982667421
5983799984
5983984452
5984357796
5984577484
5984865765
5985081296
5985172390
5985239640
5986375140
5986508671
5987892671
5988179202
5988654421
5989033734
5989134609
5989350609
5989440859
5989614640
5992669077
5993571390
5995281984
5997062796
5997274796
5997978890
5999744265
6000499140
6007247796
6007457702
6009460140
6013713452
6014913421
6015047796
6016326671
6016386296
6016688859
6016890765
6017570265
6022031546
6022201859
6022505265
6022681515
6022759234
6022851702
6022940452
6023039609
6023069015
6023170702
6023237577
6023292015
6023339640
6023413921
6023486984
6023612484
6023693702
6023799171
6023905890
6024000609
6028157140
6029921359
6030087109
6030185859
6030615484
6031113390
6032356890
6032504421
6032611796
6034297984
6040113421
6043236546
6043372734
6043540202
6044102390
6044509859
6045084484
6045207702
6045339515
6049045827
6049141327
6049441202
6051253577
6051406046
6052099734
6052191640
6052422015
6052600671
6052917046
6053029234
6053079546
6053134671
6053262640
6053350327
6053560515
6053642265
6053751484
6053894390
6054037515
6054141546
6054237734
6054461140
6054594359
6054698515
6055866265
6055939921
6056100452
6056264765
6056415484
6056483952
6056601171
6056740202
6056974734
6057233171
6057694077
6057909765
6058030265
6061273765
6061864077
6062232952
6064507671
6064637609
6064754452
6064857984
6065093765
6065207484
6065466984
6065581296
6065644515
6065742921
6066217827
6068452390
6068624827
6069246765
6071790890
6072259109
6111958890
6112083952
6112231984
6112744546
6114222452
6114317421
6116688484
6120706452
6127646859
6129067671
6129179827
6129506109
6129667296
6129727546
6129905671
6131325702
6131488421
6147054952
6147178327
6147263265
6147381109
6147671577
6147747327
6147852796
6147901234
6148004984
6148267327
6148352421
6148509171
6149656734
6149927327
6150661452
6151936734
6152053327
6152089609
6152116890
6152461359
6156261984
6161173234
6161912390
6165755046
6169117484
6169239015
6188173015
6188278921
6188651015
6189149202
6189444484
6189978515
6190166859
6190307484
6192588765
6193224546
6193337702
6193759390
6193908890
6193982390
6194204390
6194659046
6194773515
6194871421
6195071390
6195108890
6195180140
6195277171
6195366796
6195545952
6195630734
6195731827
6195893296
6195981140
6196239796
6196340484
6196598077
6197346859
6199382546
6199679359
6203384265
6204429140
6205956734
6215363577
6215659327
6215954640
6217246077
6219426296
6221175515
6221318765
6221638140
6221755140
6221956140
6222086046
6222185390
6222314921
6222431859
6222744390
6222815984
6222848515
6222965640
6223397546
6223548734
6223655421
6227764890
6228328390
6228645952
6228784421
6228969140
6229065140
6229218577
6230433671
6230514234
6230739952
6230820484
6231889452
6232116890
6232704171
6233624296
6233706077
6234004202
6235169609
6236361390
6236490015
6236534546
6236679765
6236767515
6236887890
6236940202
6237067140
6237316640
6237468077
6237597296
6237699796
6246936109
6247080109
6247186359
6247309046
6247448702
6247524109
6247558046
6247631702
6247771765
6248124077
6248218202
6248290577
6248969296
6250594327
6250708515
6250827515
6259722702
6261563671
6261811327
6261958390
6262054952
6262205452
6262316452
6270766109
6270972359
6282949765
6283102140
6283253827
6283332484
6289172890
6289229921
6290687077
6292094952
6292419702
6292552734
6293929046
6294045046
6296650046
6302060359
6302288109
6310435859
6316862765
6317592671
6317929702
6318707671
6318860421
6319332046
6319773390
6320128859
6320314921
6320422577
6326857577
6327048515
6327087609
6327601421
6327723327
6327831202
6327953546
6328100890
6328534546
6329836952
6330773046
6330882359
6354611077
6354715796
6354973609
6355101577
6355456984
6355565952
6355609890
6355917702
6356040859
6356524390
6356665546
6356771921
6356818452
6357027171
6357168140
6357318421
6357374859
6357478359
6358513327
6358651859
6358717984
6358784734
6358903296
6359004421
6359094046
6359195452
6359344609
6359983734
6360127390
6366124109
6366239577
6368137952
6368229734
6368270452
6368413265
6368495390
6368587765
6368639046
6368861984
6369166796
6370446171
6372273952
6372412984
6373036734
6373183640
6373624577
6373815359
6376724359
6376938859
6377016265
6377875171
6378083046
6379739327
6382886765
6382961984
6383084202
6383447484
6383817827
6384002327
6384062577
6384889859
6385240234
6394954202
6395132265
6395199765
6395266859
6404363171
6404494827
6404575421
6404651765
6423389859
6430178702
6435175140
6435282234
6436026359
6436229577
6436420452
6436505046
6436676046
6438118671
6439361640
6440997640
6441136421
6441217609
6441315921
6441360577
6444520421
6457097171
6457225234
6457377765
6457469046
6457627296
6457752265
6457885390
6457980390
6458181640
6459017921
6462551077
6462954171
6463046609
6469735359
6480431640
6483786077
6485979202
6486109234
6486195702
6486278327
6486676171
6487385671
6487436046
6487596046
6487650827
6487725234
6487866109
6488074577
6488160890
6488338890
6488461421
6488810984
6489004921
6489056796
6489204671
6489328765
6489504359
6489791077
6490097421
6490279890
6490334046
6490488359
6490583452
6490723702
6490988327
6491071609
6491196734
6491317171
6491406202
6491484890
6491709359
6492028827
6492330484
6492394515
6492527546
6492749952
6492861171
6493554921
6493724484
6494691577
6495088702
6496059421
6497029671
6497170515
6510815640
6511917796
6512048327
6512854140
6520908640
6522339077
6543262984
6550090546
6550374421
6550839202
6550943890
6551051859
6551255109
6555707921
6555859921
6555991702
6556137046
6556663265
6559476109
6559828046
6567138390
6567280859
6568145421
6571133671
6571403077
6571574421
6571763765
6599874577
6600947484
6601105827
6601279421
6601433046
6601614046
6602111859
6602256234
6602461921
6603152890
6603290296
6603352609
6603537671
6603612515
6603660265
6603783984
6603858765
6603903890
6604465890
6604594952
6604663077
6604858421
6605079452
6605177546
6605238515
6605336484
6605529765
6605656640
6606228015
6612110452
6616407046
6616562921
6616637796
6616790296
6616865609
6617466265
6624865046
6625756577
6625852702
6625923952
6626563296
6626648515
6627036577
6627253265
6628433671
6628517265
6628624265
6628702952
6628801765
6628926921
6629100921
6629252359
6629613077
6633631390
6635938515
6637230515
6637363171
6637630452
6638199577
6638311484
6638496640
6640161921
6649317609
6649571734
6649903171
6649955421
6650238015
6652119734
6652300921
6652355984
6652429577
6652517421
6652797702
6653069859
6653134796
6653247484
6653336327
6653408952
6653564640
6653680765
6653774140
6654457140
6656467827
6660791140
6661143702
6662824171
6662991359
6663344890
6663582640
6663762952
6663848421
6664364077
6664900140
6665286296
6665605827
6665836734
6665986265
6666183546
6666294015
6667192609
6667230140
6671622109
6679256796
6679856671
6679976671
6680235984
6680340609
6680541359
6680651359
6680810327
6680915046
6681158171
6681257265
6681611265
6681746171
6682212202
6682302109
6682444765
6682569671
6682634796
6682751202
6683136890
6685997796
6690043359
6690305859
6690594702
6690689109
6690738577
6694692015
6696837296
6700933890
6701421702
6702873140
6704743702
6705124577
6705409796
6709591702
6709762609
6713210671
6714403390
6716000109
6716293234
6716452265
6716881921
6721022015
6721103015
6721193921
6721516327
6722899046
6723057202
6723898546
6724017171
6726523609
6727106109
6727331515
6727467359
6746309046
6749285046
6749350421
6749416796
6749587796
6757175640
6757455577
6774645702
6789798109
6796299202
6807461359
6807696296
6809190140
6812125859
6812309390
6812691796
6821132046
6823297171
6837351484
6838291702
6838771140
6843158109
6845493515
6845854390
6845940484
6846673765
6847147015
6857976171
6858196234
6858263609
6858640546
6858829765
6861076265
6861199202
6861296077
6861672671
6862212577
6862333640
6862435327
6862514702
6862652171
6862923484
6863063984
6863327890
6863381827
6863989265
6864289015
6864427015
6864520515
6864607577
6865084765
6865170140
6865275859
6865320609
6867707077
6869233077
6869602296
6869669140
6871960390
6873253890
6876454296
6877944952
6878378046
6878710577
6879610859
6883895296
6883984921
6884076140
6884178234
6885747296
6887318265
6889138827
6889569421
6889840609
6890687984
6891086296
6891682640
6891895140
6892707984
6892831077
6893090890
6894069827
6894097827
6894200015
6894304015
6894399327
6894542296
6896842202
6897031984
6900306890
6901167827
6901623202
6903830671
6905998952
6907007984
6907530890
6907537609
6907618765
6908057327
6908125515
6908543952
6909182109
6909342577
6909568109
6909849984
6909917077
6910059796
6912517202
6913171921
6913560546
6913733077
6914163484
6915066390
6915583921
6916329140
6916406890
6916486765
6916602515
6916684327
6916863609
6916959077
6917036265
6917521577
6917622265
6917776171
6918025609
6918116546
6918269515
6918482359
6918565015
6918666359
6918700452
6918794202
6918972296
6919063421
6919155484
6919610859
6919677921
6919779890
6919915390
6919987202
6920070452
6920295515
6920394827
6920503984
6920775015
6920943952
6921032359
6921215921
6921555890
6923175796
6924059140
6924311577
6925638640
6927024609
6927075171
6927178359
6927338952
6928878421
6930099327
6931079046
6931151390
6931304109
6931427484
6931485296
6931655546
6931773984
6931819640
6932162015
6932241546
6932559702
6932748952
6932840702
6933167202
6933256327
6933364327
6934134265
6934822609
6935237234
6935551890
6939493171
6940323421
6940617390
6940720359
6940953390
6941080609
6941309796
6941423984
6941564640
6943434952
6944566077
6944768734
6945526859
6945729515
6945940640
6946078390
6946594640
6946755265
6946931202
6947099702
6947350952
6947461046
6947543046
6947638921
6947899702
6948551827
6948770921
6948828827
6948977890
6949070609
6950268077
6950342046
6950536234
6950696765
6950809952
6950973202
6951059390
6951439640
6951562702
6951639734
6951798859
6951955796
6952062765
6952149640
6952497327
6954017702
6954223921
6954457140
6954894421
6956036359
6956167765
6956500734
6956978359
6957211359
6957355015
6957581046
6957798796
6957872140
6957912796
6958025046
6960370296
6960789171
6961564327
6961766921
6962267202
6962385827
6962487484
6962567015
6962688640
6962885890
6963118984
6963203452
6963573390
6963868796
6964126859
6964264921
6964389546
6964545765
6964719171
6964858671
6965521859
6965691202
6965762671
6966003921
6966727327
6966963609
6967032140
6967851359
6967974234
6968120421
6968314640
6968744327
6969468202
6969750734
6970318484
6970725234
6971059577
6971313640
6971374077
6971535327
6971646952
6971859484
6973137046
6973601202
6973738640
6974034577
6974605202
6974640359
6974745890
6974821765
6974898140
6975000609
6975109546
6975263984
6975779609
6976077296
6976211015
6978805921
6979523859
6979709046
6979795202
6979884484
6980077515
6980302265
6980662484
6980725921
6981851077
6982708796
6983161765
6983390921
6983769921
6984642171
6984734702
6985509796
6985783171
6986262484
6986337921
6986466296
6986553171
6986949671
6990518296
6991008421
6991167452
6991838296
6991919515
6993890796
6994766202
6995512890
6996738796
6996832546
6997408359
6998978952
6999184671
6999844296
7000019077
7000047765
7000931734
7001142515
7001559265
7002114421
7002635765
7004074952
7005134546
7006282359
7006408702
7006611859
7006962609
7007069702
7007139359
7007381890
7007561796
7007746702
7007813890
7008409796
7008487921
7008720890
7009246077
7009495671
7009680109
7009793452
7009847734
7010127046
7010623609
7010733609
7012186265
7012677796
7012809046
7013314046
7013523234
7013722046
7013790515
7013898077
7013998859
7014152140
7014178327
7014334952
7014400984
7014499577
7014568640
7014587202
7014644234
7014923171
7015210671
7015573734
7015755452
7015954452
7016102234
7016441484
7016708796
7017080359
7017268890
7017695046
7017996327
7018832484
7019660765
7020022109
7020251890
7020348984
7021231671
7021574327
7021841202
7021990265
7022272859
7022510921
7023378609
7023625359
7023728265
7023854515
7024226890
7024635765
7026585827
7027416765
7027458109
7027991327
7028055890
7028189609
7028824702
7029356171
7030947952
7031471015
7032032171
7032255515
7032422640
7032603421
7032679452
7039512015
7040051546
7040257109
7040472484
7040592890
7041787390
7042822296
7043291796
7043421234
7044394984
7044963109
7046980515
7047218796
7048443046
7050036359
7051777734
7053188077
7053912890
7056455796
7057124827
7057890734
7058171015
7058270484
7059403327
7059600484
7067424046
7067667296
7067811296
7069029140
7072893171
7073004015
7073141140
7073223171
7073273640
7073340577
7073588890
7074192046
7074429796
7075428859
7075686421
7076055921
7076274046
7076370359
7076432796
7076545734
7076642890
7076722671
7076788484
7076888515
7076923952
7077177327
7077505640
7077587109
7077611171
7077756890
7077939796
7078200890
7078599765
7078822921
7078907859
7079881484
7079907140
7079916452
7079923921
7079928046
7079955265
7080562109
7080767359
7081580577
7081749171
7081857046
7082176890
7082633296
7082818359
7082933077
7082998546
7083106171
7083189109
7083341984
7083437046
7083474952
7083613640
7083696702
7084025109
7084090390
7084305202
7084447671
7084836921
7085016046
7085162202
7085225171
7085639702
7085894077
7085986140
7086213640
7086278859
7086411734
7086603296
7086699796
7086801702
7086962171
7087162577
7087373171
7087675265
7087734671
7087801827
7088128577
7088354046
7089043546
7089346796
7090373827
7090474046
7090786859
7090957077
7091185546
7091285046
7091325484
7091491640
7091522609
7091588077
7091824452
7092079015
7092251984
7092811359
7092889609
7093190359
7093366984
7093528484
7093711140
7093906921
7094035546
7094293015
7094579796
7094671390
7094876265
7095012327
7095069265
7095114827
7095206359
7095334390
7095371796
7095555702
7096112452
7096369890
7096612609
7096656921
7096868546
7097161546
7097197265
7097271577
7097448546
7097742296
7098570827
7098735109
7098871609
7098902734
7098982452
7099037640
7099787234
7099837109
7100289452
7100437484
7100492734
7100693890
7100751234
7100911484
7101066046
7101273952
7101330921
7101424359
7101457077
7101579327
7101640077
7101848202
7101922734
7102353077
7102499890
7102622546
7102633640
7102703515
7102986734
7103460640
7103555484
7103680015
7104029859
7104134671
7104194796
7104222515
7104291702
7104534702
7104637390
7104888234
7105124015
7105177077
7105318702
7105636859
7105842140
7105940827
7106043171
7106360952
7106449015
7107099671
7107889234
7108330484
7108451296
7108786109
7108887765
7110103921
7110233734
7110582734
7110718015
7110885202
7111062734
7111982265
7112526671
7112684796
7112832109
7112942234
7113645359
7113764484
7113955171
7113999234
7114079327
7114170296
7114226484
7114292577
7114600577
7116733109
7117354484
7118745609
7119144109
7120238921
7120411546
7120604484
7120978577
7121149484
7122306671
7122807640
7123029140
7123937015
7126746952
7127144234
7127265046
7127301702
7127512234
7128085577
7128153984
7128881015
7129976327
7132496765
7134151640
7138481140
7138628671
7140830921
7140921390
7142624171
7142864296
7142918046
7143175452
7143332890
7143592359
7145254234
7145642765
7145965640
7146136609
7146284202
7146639671
7146764796
7146856390
7147023765
7147627765
7147860702
7148632734
7149323515
7149492859
7149565640
7150246234
7150615890
7150719484
7150842515
7151429640
7152146984
7154191952
7154653390
7156287921
7156369859
7156408077
7156478140
7156724952
7157953202
7158530984
7158866359
7158986702
7159158421
7159248921
7159563640
7159650765
7161706859
7162129546
7162296734
7162577421
7162751640
7163389046
7163571140
7163728671
7163860859
7163886421
7164052577
7164179671
7164357140
7164585796
7164698140
7164796952
7164833390
7164936202
7164997515
7165658734
7166003452
7166444202
7166679734
7166780296
7167024640
7167263359
7167331765
7167594921
7167769859
7168057609
7169063640
7169321952
7169585171
7169682202
7169812140
7169908734
7170179577
7170397296
7171021952
7171167984
7171856702
7172079452
7172367515
7172514109
7172664515
7172727577
7172985077
7173117640
7173220796
7173413327
7173764202
7173921890
7173970109
7174440327
7174647984
7174809296
7175115546
7175231109
7175572515
7175734577
7175856390
7175898952
7176027265
7176127015
7176346140
7176453202
7176751671
7176901952
7176988359
7177374796
7177391890
7177646234
7177911827
7178009859
7178235952
7178262265
7178299765
7178353015
7178574109
7178750984
7178983921
7179030390
7179141046
7179249077
7179312921
7179371765
7179481702
7179589734
7179725984
7179856015
7180027359
7180291890
7180498421
7180719015
7181932046
7182348921
7182387234
7182505421
7182557859
7182647390
7182753077
7182958671
7184056640
7184328265
7184419421
7184540702
7184562827
7184773296
7184833484
7184912296
7185098640
7185328796
7185672890
7186079327
7186296359
7186418515
7186513890
7186593265
7186643140
7186755234
7186875859
7187061327
7187148921
7187297671
7187508984
7187604765
7187873577
7188239546
7188284952
7188307890
7188348640
7188363140
7188419390
7188580359
7188661077
7188813671
7188961515
7189364952
7189668734
7190460671
7190682046
7190983796
7191174796
7191256421
7192054452
7192436609
7193157640
7193875171
7193991515
7194998234
7195231859
7195421734
7195494109
7196055827
7196179109
7196270515
7196407171
7196473609
7196936515
7197028796
7197163171
7197254046
7197401484
7197598015
7197755671
7197863546
7197954140
7197960984
7199731077
7199831921
7199881890
7200086640
7200196765
7200412077
7200571140
7200760859
7200908484
7200954702
7201387577
7201500234
7201612452
7202589546
7203913046
7204059546
7204473234
7205967171
7206144484
7206274421
7206370765
7206467765
7206787952
7206925827
7207499515
7207708359
7207976140
7208177046
7208418671
7209027921
7209171890
7209302109
7209396546
7209957546
7210079984
7210387984
7210453452
7210523390
7210575577
7210711796
7210795952
7210870077
7210948921
7211042202
7211161702
7211250890
7211336234
7211390859
7211459702
7211816452
7211944890
7212033390
7212104890
7212240327
7213506046
7214862609
7214912546
7215314671
7215360734
7215703421
7216067202
7216434452
7216566827
7216645765
7216782202
7216937452
7217055640
7217169390
7217300171
7217616390
7218248327
7218964265
7219637484
7219773609
7220025421
7220539390
7220865952
7220944484
7221000515
7221196609
7221747577
7221821390
7224317015
7225484077
7225593484
7225687265
7225731546
7225813952
7225879140
7225967484
7226170671
7226276359
7226402421
7226583234
7226952890
7227071734
7227260109
7227712359
7228344296
7228525171
7229163077
7229306015
7229646452
7230122984
7230292140
7230447202
7230637515
7230762765
7230901765
7230979109
7231177671
7231249390
7231328109
7232450640
7232619109
7232778077
7235995390
7236226796
7236972671
7237470921
7240149265
7241549827
7242392421
7242898546
7243111359
7243199327
7244089859
7247765390
7247868015
7248102484
7248414577
7248492890
7248597171
7248747296
7248804140
7248819390
7249011890
7249410390
7249549796
7249651140
7249778921
7250225077
7250354734
7250542546
7253468077
7255585265
7255728265
7255929265
7257800734
7258192702
7258302015
7258558671
7259595359
7259739265
7259846546
7260595390
7260659734
7261206890
7261414265
7261536484
7261799577
7261900921
7261984265
7262383390
7262558546
7266990577
7268062765
7268435327
7268517077
7268860859
7268938421
7268967359
7269006859
7269099452
7269481577
7269623265
7270275859
7270554171
7270896859
7271145921
7271348390
7271454984
7271514202
7271593234
7272015609
7272369827
7272595765
7272705390
7273158390
7273304827
7273787452
7273861827
7273885265
7275169671
7275534890
7276069827
7276301140
7276448640
7277050921
7277358140
7278632484
7279584327
7280829671
7281531140
7282709671
7282919015
7283216234
7283321484
7283670702
7283756640
7283955109
7284101265
7284699390
7284980359
7285393921
7285765984
7285862734
7285902109
7286033671
7286067515
7286289827
7286491546
7286630765
7286793452
7286900671
7287022109
7287162296
7287261577
7287479327
7287580734
7287824484
7288548359
7288696202
7288838265
7289571952
7289836952
7289994921
7290108796
7290169671
7290999952
7291150609
7291249484
7291347265
7291528327
7291619484
7292019921
7292317577
7292431609
7292524702
7292627515
7292699109
7293070296
7293281296
7293388421
7293574890
7293739015
7293826359
7294406890
7294897796
7295318171
7295459265
7295759984
7296302546
7296422609
7297991452
7298119984
7298333515
7298401859
7298462327
7298550452
7298922015
7299029765
7299156202
7299239202
7299745046
7299869702
7300194390
7300225109
7300702296
7301399640
7304432390
7304750609
7304880796
7305036265
7305233421
7306747234
7306881484
7307227671
7307580202
7308010296
7308048140
7308666484
7309160265
7309297796
7309442484
7309558515
7309774765
7309927890
7310228577
7310379421
7310394984
7310563421
7310909421
7312538202
7312703890
7312866109
7313153765
7313400202
7313507827
7313731015
7314110921
7314373890
7314502734
7314610859
7314751952
7314859452
7315161359
7316402390
7316538515
7316677921
7316789890
7316908890
7317550077
7317560890
7317731359
7317843515
7317873359
7317991859
7318232015
7318341515
7318417765
7320590327
7320713640
7320738890
7320846546
7320942484
7321093859
7321165640
7321523390
7321605671
7321754515
7321901077
7322019265
7322372984
7322625827
7322795546
7322841765
7323085984
7323306765
7323576296
7323682327
7323817327
7323948796
7324097546
7324314734
7324563171
7324586765
7324700577
7324806702
7324996984
7325090827
7325209609
7325343640
7325512390
7325616734
7325992671
7326448859
7326508327
7326555984
7326682421
7326785609
7326861890
7326932484
7327238671
7327394734
7327589390
7328367827
7328479296
7329162359
7329350202
7330297015
7330489827
7330647921
7331032671
7331259140
7331473890
7331713765
7334810952
7334925640
7334947421
7335029515
7335143452
7335234827
7335351202
7335468640
7335646859
7335669109
7335755609
7335778827
7336066859
7336207734
7336351984
7336441046
7336590734
7336728577
7336850140
7336877109
7337004859
7337083109
7337118796
7337259640
7337496140
7337715577
7337729546
7337863890
7337981265
7338114796
7338495640
7338778265
7339147921
7339303046
7339665546
7339822702
7340708984
7340754921
7340768109
7341052890
7341435796
7341586546
7341676640
7341698140
7342670515
7342788046
7343347359
7343613015
7344064702
7344165390
7344272734
7344415296
7344481359
7344618484
7344675359
7344790327
7344938734
7345071640
7345204921
7345414265
7345448577
7345583015
7345682577
7345933984
7346073859
7346161077
7346433359
7346704890
7346812202
7347048515
7347073359
7347295452
7347451202
7347474265
7347628577
7347757109
7347861702
7347987202
7348008859
7348244421
7348357984
7348374109
7348477609
7348614765
7348738890
7348851952
7348993015
7349035234
7349306984
7349464234
7349657546
7349713921
7350037046
7350174452
7350683327
7350801484
7352629640
7352813452
7352984296
7353601171
7354240702
7354351984
7354441109
7354522296
7354568015
7354658202
7354780827
7354848359
7355004515
7355419952
7355518171
7355610515
7355826234
7355934796
7356440609
7356477421
7356486765
7356496765
7356508921
7356525077
7356745202
7357136921
7357215046
7357332202
7357418327
7357556702
7357612359
7357687265
7357760077
7358038609
7358108984
7358154702
7358332515
7358493015
7358613234
7358750515
7358856077
7358969827
7359055140
7359344077
7359683671
7360544421
7361783859
7361974234
7362039390
7362510609
7364567546
7365020390
7365347702
7365395734
7365722702
7365847984
7365959609
7366116109
7366694171
7367328140
7367397609
7368976546
7370270796
7370627296
7370646515
7370662546
7370727015
7370944421
7374445984
7374636702
7374671546
7374946077
7375219890
7377885765
7377969890
7378757702
7379201421
7379415702
7379512515
7379555046
7379721765
7379787046
7380097859
7380157734
7380309609
7380420702
7380521296
7380535265
7380706827
7380816484
7381295984
7381691390
7382399202
7382551546
7382770984
7382977984
7383117577
7383470421
7383684296
7383883577
7383976765
7384051921
7384142671
7384245390
7384614140
7384681077
7385163234
7385304234
7385450077
7385592702
7385631140
7385697734
7385758202
7385813515
7385966359
7386028577
7386401515
7386720609
7386950046
7387541827
7387621046
7387795890
7388171140
7388455890
7389497359
7389544484
7389637140
7389699890
7390486109
7390548546
7390608890
7390750765
7391112327
7391279609
7391400265
7391448484
7392346734
7392531952
7393040077
7393376984
7393613015
7394280296
7394358640
7395283859
7396084796
7396376421
7396512609
7396672796
7396690546
7396868015
7396994046
7398562265
7398679296
7399291296
7399422390
7399613234
7399791265
7400353859
7400456421
7400687671
7400784046
7400802890
7400933765
7401034077
7401174109
7401276109
7401394734
7401713890
7401952921
7402064890
7402167921
7402395452
7402599452
7402628734
7402757421
7402791671
7402887265
7402896609
7403005015
7403269952
7403379359
7403399359
7403633890
7403749296
7403864921
7403990140
7404116515
7404314077
7404415515
7404533234
7404575609
7404662921
7404774327
7404880921
7405245077
7405646765
7405718734
7406627234
7407884359
7408024515
7408336734
7409291577
7409417765
7409462452
7409962296
7410073452
7410427327
7410562765
7411716609
7411801859
7412218515
7412365202
7413457421
7413672234
7413718609
7413810359
7415081140
7415698952
7415800077
7415881671
7415935327
7416792671
7416951452
7416977921
7417105452
7417147015
7417263702
7417944984
7418094859
7418243452
7418325515
7418427734
7418530421
7418611109
7418675109
7418763109
7418839640
7419057609
7419178265
7419842827
7424236827
7424413546
7424540671
7424762077
7424874546
7425642952
7427961390
7429009921
7429219734
7429237109
7429349015
7430372046
7430396702
7432244890
7433072296
7433625577
7434184952
7434403890
7434479734
7434861140
7434932859
7437446702
7437812359
7438953640
7439114890
7439170452
7439658171
7439755046
7439940921
7439986702
7440046015
7440148734
7440338359
7440462202
7440759265
7441562640
7441752702
7441870796
7442004171
7442152640
7442471452
7442573546
7442916390
7443242765
7443320577
7443481671
7443611390
7443646359
7443876577
7444049859
7444093046
7444170515
7444367734
7444461546
7446441765
7446933546
7447099077
7447837421
7448048546
7448773921
7449291984
7449463577
7449540109
7450296859
7450797077
7451649452
7451663109
7453240796
7453772046
7453904890
7456536921
7456713077
7456922765
7456985671
7457063202
7457095296
7457194859
7457317171
7460097859
7460599327
7460700796
7461148671
7462020234
7462046577
7462573390
7462749859
7462864484
7465873296
7465920827
7466179952
7466622859
7466658577
7467190171
7467516327
7469230640
7469257359
7469739859
7470367202
7470869765
7470893671
7470943609
7471174609
7471340171
7471443796
7471573109
7472352109
7472616140
7473646921
7475926484
7476045140
7476817577
7476917171
7477145515
7477218202
7477836546
7478006577
7478977390
7479227421
7479920984
7480275171
7480517702
7480779171
7480963015
7485241327
7486116890
7486748296
7486989765
7490333265
7491615984
7491786546
7492145077
7494086359
7494618109
7495726640
7496282421
7496508421
7496887015
7496968859
7497014702
7497476702
7499353984
7499450296
7499872171
7501248827
7501571046
7501785640
7502010015
7502456015
7503615890
7503967671
7504162890
7504288609
7504319015
7504529421
7504603546
7505706609
7505845015
7506017890
7507662671
7510297827
7510364077
7513667952
7514624484
7514658484
7516388515
7516479640
7516557327
7516644140
7517068671
7517538515
7518611765
7518825765
7518860452
7518889702
7518899296
7518914984
7518938765
7519193515
7519845702
7521963109
7522071827
7524187546
7524278077
7524618577
7525658452
7525670359
7525702952
7526780296
7528427077
7530809421
7530821265
7533325140
7533941702
7533946390
7536790577
7538338484
7538441640
7538747421
7539140702
7539282577
7539301296
7541218640
7541236640
7541252609
7541861640
7543072765
7544385671
7544972234
7546954452
7547109077
7548018546
7548168546
7549589890
7549686202
7549722796
7550010796
7550041702
7550063234
7550099702
7550244515
7552978640
7554304327
7554461171
7555654296
7555837421
7556329577
7556660202
7557534202
7558045546
7558376984
7560050609
7560869734
7561506890
7561640921
7562393077
7564979546
7565359859
7565490421
7565632609
7566037577
7566495171
7568973765
7569275671
7570419890
7571601890
7571812859
7574207265
7574798296
7577338327
7577348296
7578927671
7579262577
7579378702
7579492827
7579628296
7579765484
7580716890
7580874327
7580994265
7582376234
7583783140
7588170077
7589790109
7590413109
7593012952
7593725015
7593960734
7594020640
7594471859
7594927921
7595051452
7595086109
7595900077
7596254421
7596412577
7596570015
7596675202
7597437327
7598834734
7598893859
7599222827
7599818859
7600078859
7601126796
7601353859
7602430796
7602639640
7602692640
7602778421
7602914609
7603202265
7603412140
7603721452
7603864827
7605311390
7605515327
7605845921
7610170359
7610342077
7610551046
7610673671
7610721484
7611233202
7612133577
7612255234
7612414609
7612465390
7614504171
7614605609
7615360171
7615463234
7615494390
7615850890
7615969640
7616063109
7616183952
7616296984
7616356702
7616407734
7616462359
7616724515
7616801452
7616888765
7616953515
7617150765
7617291171
7617504609
7620994359
7622685265
7623655077
7623713671
7623881827
7624066640
7624600046
7627831140
7629304234
7629519671
7629793734
7630514890
7630608202
7630620952
7631241390
7631569702
7631853796
7631964359
7632602296
7632687890
7633505609
7633531702
7634040452
7634401640
7634841671
7635194640
7635938890
7638252109
7639722577
7639805702
7639864702
7641265546
7641513890
7641521609
7641535015
7641622452
7641630484
7641637452
7641679484
7642713109
7642855952
7643399921
7644095484
7644525171
7646247546
7646559359
7646704202
7646811327
7648383202
7649130327
7649226796
7649269202
7650858234
7650993359
7651884359
